9.999999968031088038e-01 7.996112991479099061e-05 0.000000000000000000e+00 -8.000000000000000000e+00 -7.996112991479099061e-05 9.999999968031088038e-01 0.000000000000000000e+00 5.000000000000000000e+00 0.000000000000000000e+00 0.000000000000000000e+00 1.000000000000000000e+00 0.000000000000000000e+00
9.972956819392908567e-01 -7.349369214595817545e-02 0.000000000000000000e+00 -8.012750000000000483e+00 7.349369214595817545e-02 9.972956819392908567e-01 0.000000000000000000e+00 4.603860400000000297e+00 0.000000000000000000e+00 0.000000000000000000e+00 1.000000000000000000e+00 0.000000000000000000e+00
9.886021190777499745e-01 -1.505518188365132515e-01 0.000000000000000000e+00 -7.992390600000000234e+00 1.505518188365132515e-01 9.886021190777499745e-01 0.000000000000000000e+00 4.208936999999999706e+00 0.000000000000000000e+00 0.000000000000000000e+00 1.000000000000000000e+00 0.000000000000000000e+00
9.643990150440995279e-01 -2.644513939875731690e-01 0.000000000000000000e+00 -7.913529999999999731e+00 2.644513939875731690e-01 9.643990150440995279e-01 0.000000000000000000e+00 3.871146200000000093e+00 0.000000000000000000e+00 0.000000000000000000e+00 1.000000000000000000e+00 0.000000000000000000e+00
9.335568054840550634e-01 -3.584294783278938468e-01 0.000000000000000000e+00 -7.783414399999999844e+00 3.584294783278938468e-01 9.335568054840550634e-01 0.000000000000000000e+00 3.544246400000000019e+00 0.000000000000000000e+00 0.000000000000000000e+00 1.000000000000000000e+00 0.000000000000000000e+00
8.595882981683740098e-01 -5.109872382476871033e-01 0.000000000000000000e+00 -7.597864000000000395e+00 5.109872382476871033e-01 8.595882981683740098e-01 0.000000000000000000e+00 3.076710999999999974e+00 0.000000000000000000e+00 0.000000000000000000e+00 1.000000000000000000e+00 0.000000000000000000e+00
8.797421147281930809e-01 -4.754511663394745957e-01 0.000000000000000000e+00 -7.169209000000000387e+00 4.754511663394745957e-01 8.797421147281930809e-01 0.000000000000000000e+00 2.695607700000000051e+00 0.000000000000000000e+00 0.000000000000000000e+00 1.000000000000000000e+00 0.000000000000000000e+00
8.701335881462087807e-01 -4.928159278876890759e-01 0.000000000000000000e+00 -6.928745700000000340e+00 4.928159278876890759e-01 8.701335881462087807e-01 0.000000000000000000e+00 2.286932000000000187e+00 0.000000000000000000e+00 0.000000000000000000e+00 1.000000000000000000e+00 0.000000000000000000e+00
7.817532631181051128e-01 -6.235878732016801873e-01 0.000000000000000000e+00 -6.679556400000000060e+00 6.235878732016801873e-01 7.817532631181051128e-01 0.000000000000000000e+00 1.944730999999999987e+00 0.000000000000000000e+00 0.000000000000000000e+00 1.000000000000000000e+00 0.000000000000000000e+00
7.108770368529753192e-01 -7.033163146658362175e-01 0.000000000000000000e+00 -6.389816299999999671e+00 7.033163146658362175e-01 7.108770368529753192e-01 0.000000000000000000e+00 1.550253399999999893e+00 0.000000000000000000e+00 0.000000000000000000e+00 1.000000000000000000e+00 0.000000000000000000e+00
6.754766549849843260e-01 -7.373813725408966402e-01 0.000000000000000000e+00 -5.991489399999999854e+00 7.373813725408966402e-01 6.754766549849843260e-01 0.000000000000000000e+00 1.320937900000000109e+00 0.000000000000000000e+00 0.000000000000000000e+00 1.000000000000000000e+00 0.000000000000000000e+00
7.751743171044024328e-01 -6.317474005500326451e-01 0.000000000000000000e+00 -5.748756000000000199e+00 6.317474005500326451e-01 7.751743171044024328e-01 0.000000000000000000e+00 9.959881999999999902e-01 0.000000000000000000e+00 0.000000000000000000e+00 1.000000000000000000e+00 0.000000000000000000e+00
7.560583621298460066e-01 -6.545042039998937300e-01 0.000000000000000000e+00 -5.410650000000000404e+00 6.545042039998937300e-01 7.560583621298460066e-01 0.000000000000000000e+00 7.142446599999999757e-01 0.000000000000000000e+00 0.000000000000000000e+00 1.000000000000000000e+00 0.000000000000000000e+00
7.084583394446324345e-01 -7.057526346187833477e-01 0.000000000000000000e+00 -5.148806600000000344e+00 7.057526346187833477e-01 7.084583394446324345e-01 0.000000000000000000e+00 1.709178199999999981e-01 0.000000000000000000e+00 0.000000000000000000e+00 1.000000000000000000e+00 0.000000000000000000e+00
5.540399756058232983e-01 -8.324900632624384622e-01 0.000000000000000000e+00 -4.807118400000000236e+00 8.324900632624384622e-01 5.540399756058232983e-01 0.000000000000000000e+00 3.724409299999999895e-02 0.000000000000000000e+00 0.000000000000000000e+00 1.000000000000000000e+00 0.000000000000000000e+00
5.535502091356861998e-01 -8.328158055451625463e-01 0.000000000000000000e+00 -4.403310000000000279e+00 8.328158055451625463e-01 5.535502091356861998e-01 0.000000000000000000e+00 -2.435669599999999990e-01 0.000000000000000000e+00 0.000000000000000000e+00 1.000000000000000000e+00 0.000000000000000000e+00
4.533091291452666649e-01 -8.913533718080388635e-01 0.000000000000000000e+00 -4.217427999999999955e+00 8.913533718080388635e-01 4.533091291452666649e-01 0.000000000000000000e+00 -4.663821799999999795e-01 0.000000000000000000e+00 0.000000000000000000e+00 1.000000000000000000e+00 0.000000000000000000e+00
4.244467037677731591e-01 -9.054529229400456458e-01 0.000000000000000000e+00 -3.634720300000000126e+00 9.054529229400456458e-01 4.244467037677731591e-01 0.000000000000000000e+00 -6.457274600000000309e-01 0.000000000000000000e+00 0.000000000000000000e+00 1.000000000000000000e+00 0.000000000000000000e+00
4.840551187696295332e-01 -8.750375089062867318e-01 0.000000000000000000e+00 -3.281712800000000207e+00 8.750375089062867318e-01 4.840551187696295332e-01 0.000000000000000000e+00 -9.455993000000000315e-01 0.000000000000000000e+00 0.000000000000000000e+00 1.000000000000000000e+00 0.000000000000000000e+00
4.701824801587290437e-01 -8.825692241132059301e-01 0.000000000000000000e+00 -2.921898600000000012e+00 8.825692241132059301e-01 4.701824801587290437e-01 0.000000000000000000e+00 -9.341358499999999898e-01 0.000000000000000000e+00 0.000000000000000000e+00 1.000000000000000000e+00 0.000000000000000000e+00
3.421671788525879054e-01 -9.396390912026069131e-01 0.000000000000000000e+00 -2.998541599999999807e+00 9.396390912026069131e-01 3.421671788525879054e-01 0.000000000000000000e+00 -1.048111100000000073e+00 0.000000000000000000e+00 0.000000000000000000e+00 1.000000000000000000e+00 0.000000000000000000e+00
2.350710120913847845e-01 -9.719781989707032555e-01 0.000000000000000000e+00 -2.711525700000000150e+00 9.719781989707032555e-01 2.350710120913847845e-01 0.000000000000000000e+00 -1.042483400000000060e+00 0.000000000000000000e+00 0.000000000000000000e+00 1.000000000000000000e+00 0.000000000000000000e+00
1.098236517539083607e-01 -9.939510880900710443e-01 0.000000000000000000e+00 -2.226471000000000089e+00 9.939510880900710443e-01 1.098236517539083607e-01 0.000000000000000000e+00 -1.051753900000000019e+00 0.000000000000000000e+00 0.000000000000000000e+00 1.000000000000000000e+00 0.000000000000000000e+00
-1.091851610906875436e-01 -9.940214286410532507e-01 0.000000000000000000e+00 -1.809330899999999964e+00 9.940214286410532507e-01 -1.091851610906875436e-01 0.000000000000000000e+00 -9.547397499999999981e-01 0.000000000000000000e+00 0.000000000000000000e+00 1.000000000000000000e+00 0.000000000000000000e+00
-2.691207400033231445e-01 -9.631064465052986412e-01 0.000000000000000000e+00 -1.371957199999999988e+00 9.631064465052986412e-01 -2.691207400033231445e-01 0.000000000000000000e+00 -8.711600999999999928e-01 0.000000000000000000e+00 0.000000000000000000e+00 1.000000000000000000e+00 0.000000000000000000e+00
-4.024412058976442608e-01 -9.154458344411481319e-01 0.000000000000000000e+00 -1.058709399999999912e+00 9.154458344411481319e-01 -4.024412058976442608e-01 0.000000000000000000e+00 -6.830144000000000215e-01 0.000000000000000000e+00 0.000000000000000000e+00 1.000000000000000000e+00 0.000000000000000000e+00
-5.515146129142174392e-01 -8.341652304801974172e-01 0.000000000000000000e+00 -8.840160000000000240e-01 8.341652304801974172e-01 -5.515146129142174392e-01 0.000000000000000000e+00 -4.443151000000000184e-01 0.000000000000000000e+00 0.000000000000000000e+00 1.000000000000000000e+00 0.000000000000000000e+00
-6.342257426211825866e-01 -7.731479207736443593e-01 0.000000000000000000e+00 -7.230820999999999499e-01 7.731479207736443593e-01 -6.342257426211825866e-01 0.000000000000000000e+00 -2.277359499999999926e-01 0.000000000000000000e+00 0.000000000000000000e+00 1.000000000000000000e+00 0.000000000000000000e+00
-7.858232633805414258e-01 -6.184511288129048712e-01 0.000000000000000000e+00 -4.733356200000000125e-01 6.184511288129048712e-01 -7.858232633805414258e-01 0.000000000000000000e+00 1.293499300000000019e-01 0.000000000000000000e+00 0.000000000000000000e+00 1.000000000000000000e+00 0.000000000000000000e+00
-8.895032528849965425e-01 -4.569288381214407502e-01 0.000000000000000000e+00 -1.412023199999999923e-01 4.569288381214407502e-01 -8.895032528849965425e-01 0.000000000000000000e+00 5.290607000000000504e-01 0.000000000000000000e+00 0.000000000000000000e+00 1.000000000000000000e+00 0.000000000000000000e+00
9.231756963485211465e-01 3.843782429735363992e-01 0.000000000000000000e+00 -3.232708999999999843e-03 -3.843782429735363992e-01 9.231756963485211465e-01 0.000000000000000000e+00 8.461475000000000524e-01 0.000000000000000000e+00 0.000000000000000000e+00 1.000000000000000000e+00 0.000000000000000000e+00
9.552169736572690972e-01 2.959062913103541193e-01 0.000000000000000000e+00 1.134496400000000044e-01 -2.959062913103541193e-01 9.552169736572690972e-01 0.000000000000000000e+00 1.354582200000000070e+00 0.000000000000000000e+00 0.000000000000000000e+00 1.000000000000000000e+00 0.000000000000000000e+00
9.695331087401438674e-01 2.449603050632332413e-01 0.000000000000000000e+00 1.925872999999999891e-01 -2.449603050632332413e-01 9.695331087401438674e-01 0.000000000000000000e+00 1.743622900000000087e+00 0.000000000000000000e+00 0.000000000000000000e+00 1.000000000000000000e+00 0.000000000000000000e+00
9.999612546643774635e-01 8.802793309177610326e-03 0.000000000000000000e+00 3.314618200000000181e-01 -8.802793309177610326e-03 9.999612546643774635e-01 0.000000000000000000e+00 1.981090199999999912e+00 0.000000000000000000e+00 0.000000000000000000e+00 1.000000000000000000e+00 0.000000000000000000e+00
9.796236273521738980e-01 -2.008420990065804823e-01 0.000000000000000000e+00 1.178203899999999971e-01 2.008420990065804823e-01 9.796236273521738980e-01 0.000000000000000000e+00 2.424567199999999811e+00 0.000000000000000000e+00 0.000000000000000000e+00 1.000000000000000000e+00 0.000000000000000000e+00
9.380823226178518492e-01 -3.464124073873457998e-01 0.000000000000000000e+00 -2.971680800000000081e-02 3.464124073873457998e-01 9.380823226178518492e-01 0.000000000000000000e+00 2.889986799999999967e+00 0.000000000000000000e+00 0.000000000000000000e+00 1.000000000000000000e+00 0.000000000000000000e+00
8.646435014458651036e-01 -5.023859227799224447e-01 0.000000000000000000e+00 -2.781106199999999751e-01 5.023859227799224447e-01 8.646435014458651036e-01 0.000000000000000000e+00 3.185274999999999856e+00 0.000000000000000000e+00 0.000000000000000000e+00 1.000000000000000000e+00 0.000000000000000000e+00
7.721838138699115284e-01 -6.353992112029396289e-01 0.000000000000000000e+00 -4.249111999999999889e-01 6.353992112029396289e-01 7.721838138699115284e-01 0.000000000000000000e+00 3.629432399999999781e+00 0.000000000000000000e+00 0.000000000000000000e+00 1.000000000000000000e+00 0.000000000000000000e+00
7.682790890831170394e-01 -6.401150219121684026e-01 0.000000000000000000e+00 -6.035852999999999913e-01 6.401150219121684026e-01 7.682790890831170394e-01 0.000000000000000000e+00 4.026697000000000415e+00 0.000000000000000000e+00 0.000000000000000000e+00 1.000000000000000000e+00 0.000000000000000000e+00
7.523311516489890050e-01 -6.587851229790377960e-01 0.000000000000000000e+00 -9.327971299999999744e-01 6.587851229790377960e-01 7.523311516489890050e-01 0.000000000000000000e+00 4.487134499999999804e+00 0.000000000000000000e+00 0.000000000000000000e+00 1.000000000000000000e+00 0.000000000000000000e+00
-7.633896945894492747e-01 6.459382123660337705e-01 0.000000000000000000e+00 -8.453256000000000103e-01 -6.459382123660337705e-01 -7.633896945894492747e-01 0.000000000000000000e+00 4.345046499999999590e+00 0.000000000000000000e+00 0.000000000000000000e+00 1.000000000000000000e+00 0.000000000000000000e+00
6.389906138939627223e-01 -7.692145314250222743e-01 0.000000000000000000e+00 -1.414979299999999940e+00 7.692145314250222743e-01 6.389906138939627223e-01 0.000000000000000000e+00 4.809289999999999843e+00 0.000000000000000000e+00 0.000000000000000000e+00 1.000000000000000000e+00 0.000000000000000000e+00
4.827705617535322791e-01 -8.757468725060791881e-01 0.000000000000000000e+00 -1.794377300000000064e+00 8.757468725060791881e-01 4.827705617535322791e-01 0.000000000000000000e+00 5.036028400000000183e+00 0.000000000000000000e+00 0.000000000000000000e+00 1.000000000000000000e+00 0.000000000000000000e+00
3.899138348049041580e-01 -9.208513459987631711e-01 0.000000000000000000e+00 -2.226434499999999872e+00 9.208513459987631711e-01 3.899138348049041580e-01 0.000000000000000000e+00 5.392012000000000249e+00 0.000000000000000000e+00 0.000000000000000000e+00 1.000000000000000000e+00 0.000000000000000000e+00
2.840907962605982995e-01 -9.587973818696102768e-01 0.000000000000000000e+00 -2.686643999999999810e+00 9.587973818696102768e-01 2.840907962605982995e-01 0.000000000000000000e+00 5.680946399999999841e+00 0.000000000000000000e+00 0.000000000000000000e+00 1.000000000000000000e+00 0.000000000000000000e+00
2.214767995155141889e-01 -9.751656409433039352e-01 0.000000000000000000e+00 -3.170637600000000056e+00 9.751656409433039352e-01 2.214767995155141889e-01 0.000000000000000000e+00 5.738272699999999560e+00 0.000000000000000000e+00 0.000000000000000000e+00 1.000000000000000000e+00 0.000000000000000000e+00
1.906173799775223165e-01 -9.816644103004370514e-01 0.000000000000000000e+00 -3.553712599999999888e+00 9.816644103004370514e-01 1.906173799775223165e-01 0.000000000000000000e+00 5.783287500000000136e+00 0.000000000000000000e+00 0.000000000000000000e+00 1.000000000000000000e+00 0.000000000000000000e+00
6.507759689896408517e-02 -9.978802064285351436e-01 0.000000000000000000e+00 -4.061465700000000290e+00 9.978802064285351436e-01 6.507759689896408517e-02 0.000000000000000000e+00 6.099812499999999638e+00 0.000000000000000000e+00 0.000000000000000000e+00 1.000000000000000000e+00 0.000000000000000000e+00
-6.318087022898215277e-02 -9.980020930023686399e-01 0.000000000000000000e+00 -4.534209699999999899e+00 9.980020930023686399e-01 -6.318087022898215277e-02 0.000000000000000000e+00 6.084255999999999887e+00 0.000000000000000000e+00 0.000000000000000000e+00 1.000000000000000000e+00 0.000000000000000000e+00
-9.201563563097904519e-02 -9.957575622607276467e-01 0.000000000000000000e+00 -5.110163700000000198e+00 9.957575622607276467e-01 -9.201563563097904519e-02 0.000000000000000000e+00 6.082967000000000013e+00 0.000000000000000000e+00 0.000000000000000000e+00 1.000000000000000000e+00 0.000000000000000000e+00
-1.764054031187481664e-01 -9.843175980091547483e-01 0.000000000000000000e+00 -5.555445699999999931e+00 9.843175980091547483e-01 -1.764054031187481664e-01 0.000000000000000000e+00 6.131983299999999915e+00 0.000000000000000000e+00 0.000000000000000000e+00 1.000000000000000000e+00 0.000000000000000000e+00
-1.490708732009619342e-01 -9.888265139867067344e-01 0.000000000000000000e+00 -5.998795999999999573e+00 9.888265139867067344e-01 -1.490708732009619342e-01 0.000000000000000000e+00 5.974559300000000128e+00 0.000000000000000000e+00 0.000000000000000000e+00 1.000000000000000000e+00 0.000000000000000000e+00
-3.422119556398688922e-01 -9.396227846413348628e-01 0.000000000000000000e+00 -6.461699499999999929e+00 9.396227846413348628e-01 -3.422119556398688922e-01 0.000000000000000000e+00 5.954439999999999955e+00 0.000000000000000000e+00 0.000000000000000000e+00 1.000000000000000000e+00 0.000000000000000000e+00
-3.920537223020436612e-01 -9.199423236426901296e-01 0.000000000000000000e+00 -6.749359600000000015e+00 9.199423236426901296e-01 -3.920537223020436612e-01 0.000000000000000000e+00 5.985019000000000311e+00 0.000000000000000000e+00 0.000000000000000000e+00 1.000000000000000000e+00 0.000000000000000000e+00
-4.914544196901892148e-01 -8.709032973683009660e-01 0.000000000000000000e+00 -7.064434499999999950e+00 8.709032973683009660e-01 -4.914544196901892148e-01 0.000000000000000000e+00 5.743114499999999900e+00 0.000000000000000000e+00 0.000000000000000000e+00 1.000000000000000000e+00 0.000000000000000000e+00
-5.759596515739945355e-01 -8.174781218838598207e-01 0.000000000000000000e+00 -7.599486399999999975e+00 8.174781218838598207e-01 -5.759596515739945355e-01 0.000000000000000000e+00 5.674634000000000178e+00 0.000000000000000000e+00 0.000000000000000000e+00 1.000000000000000000e+00 0.000000000000000000e+00
-6.742487573615224550e-01 -7.385043081773070561e-01 0.000000000000000000e+00 -8.079568000000000083e+00 7.385043081773070561e-01 -6.742487573615224550e-01 0.000000000000000000e+00 5.362391500000000200e+00 0.000000000000000000e+00 0.000000000000000000e+00 1.000000000000000000e+00 0.000000000000000000e+00
-7.363356502700033612e-01 -6.766164424113939591e-01 0.000000000000000000e+00 -8.302257000000000886e+00 6.766164424113939591e-01 -7.363356502700033612e-01 0.000000000000000000e+00 5.052862600000000093e+00 0.000000000000000000e+00 0.000000000000000000e+00 1.000000000000000000e+00 0.000000000000000000e+00
-9.449814789815259575e-01 -3.271238364624133310e-01 0.000000000000000000e+00 -8.642970999999999293e+00 3.271238364624133310e-01 -9.449814789815259575e-01 0.000000000000000000e+00 4.650143599999999822e+00 0.000000000000000000e+00 0.000000000000000000e+00 1.000000000000000000e+00 0.000000000000000000e+00
-9.734749287309213406e-01 -2.287937130524515250e-01 0.000000000000000000e+00 -8.793200999999999823e+00 2.287937130524515250e-01 -9.734749287309213406e-01 0.000000000000000000e+00 4.301620999999999917e+00 0.000000000000000000e+00 0.000000000000000000e+00 1.000000000000000000e+00 0.000000000000000000e+00
1.638331077183104167e-01 -9.864880702853737748e-01 0.000000000000000000e+00 -8.685968000000000799e+00 9.864880702853737748e-01 1.638331077183104167e-01 0.000000000000000000e+00 4.392318200000000061e+00 0.000000000000000000e+00 0.000000000000000000e+00 1.000000000000000000e+00 0.000000000000000000e+00
-9.731786052114360652e-01 2.300508690675256429e-01 0.000000000000000000e+00 -8.608161000000000840e+00 -2.300508690675256429e-01 -9.731786052114360652e-01 0.000000000000000000e+00 4.007532000000000316e+00 0.000000000000000000e+00 0.000000000000000000e+00 1.000000000000000000e+00 0.000000000000000000e+00
-8.495864138463155024e-01 5.274494529409972099e-01 0.000000000000000000e+00 -8.542109500000000466e+00 -5.274494529409972099e-01 -8.495864138463155024e-01 0.000000000000000000e+00 3.654287800000000086e+00 0.000000000000000000e+00 0.000000000000000000e+00 1.000000000000000000e+00 0.000000000000000000e+00
-6.529959317758956550e-01 7.573614151012247886e-01 0.000000000000000000e+00 -8.271466999999999459e+00 -7.573614151012247886e-01 -6.529959317758956550e-01 0.000000000000000000e+00 3.239286400000000121e+00 0.000000000000000000e+00 0.000000000000000000e+00 1.000000000000000000e+00 0.000000000000000000e+00
-3.312714294217345423e-01 9.435355001529517338e-01 0.000000000000000000e+00 -7.832011999999999752e+00 -9.435355001529517338e-01 -3.312714294217345423e-01 0.000000000000000000e+00 3.037093399999999832e+00 0.000000000000000000e+00 0.000000000000000000e+00 1.000000000000000000e+00 0.000000000000000000e+00
-4.603459838082085004e-02 9.989398459126137553e-01 0.000000000000000000e+00 -7.339462799999999731e+00 -9.989398459126137553e-01 -4.603459838082085004e-02 0.000000000000000000e+00 3.112859499999999890e+00 0.000000000000000000e+00 0.000000000000000000e+00 1.000000000000000000e+00 0.000000000000000000e+00
1.292883045224502703e-01 9.916070463211272834e-01 0.000000000000000000e+00 -6.703329599999999999e+00 -9.916070463211272834e-01 1.292883045224502703e-01 0.000000000000000000e+00 3.122658299999999887e+00 0.000000000000000000e+00 0.000000000000000000e+00 1.000000000000000000e+00 0.000000000000000000e+00
3.653266901403594558e-01 9.308793742859973186e-01 0.000000000000000000e+00 -6.191734000000000293e+00 -9.308793742859973186e-01 3.653266901403594558e-01 0.000000000000000000e+00 3.287995599999999907e+00 0.000000000000000000e+00 0.000000000000000000e+00 1.000000000000000000e+00 0.000000000000000000e+00
6.523725944504251695e-01 7.578984087659910163e-01 0.000000000000000000e+00 -6.023596300000000348e+00 -7.578984087659910163e-01 6.523725944504251695e-01 0.000000000000000000e+00 3.603889699999999863e+00 0.000000000000000000e+00 0.000000000000000000e+00 1.000000000000000000e+00 0.000000000000000000e+00
8.736946668855168907e-01 4.864746951854799217e-01 0.000000000000000000e+00 -5.831372299999999953e+00 -4.864746951854799217e-01 8.736946668855168907e-01 0.000000000000000000e+00 4.056250999999999607e+00 0.000000000000000000e+00 0.000000000000000000e+00 1.000000000000000000e+00 0.000000000000000000e+00
-9.906965556556602825e-01 -1.360894360779384415e-01 0.000000000000000000e+00 -5.620752300000000368e+00 1.360894360779384415e-01 -9.906965556556602825e-01 0.000000000000000000e+00 4.469520000000000159e+00 0.000000000000000000e+00 0.000000000000000000e+00 1.000000000000000000e+00 0.000000000000000000e+00
-9.936096380981767062e-01 1.128711082536638655e-01 0.000000000000000000e+00 -5.745555399999999757e+00 -1.128711082536638655e-01 -9.936096380981767062e-01 0.000000000000000000e+00 5.162639600000000328e+00 0.000000000000000000e+00 0.000000000000000000e+00 1.000000000000000000e+00 0.000000000000000000e+00
-8.921718466649600776e-01 4.516961323926019234e-01 0.000000000000000000e+00 -5.979605000000000281e+00 -4.516961323926019234e-01 -8.921718466649600776e-01 0.000000000000000000e+00 5.570700000000000429e+00 0.000000000000000000e+00 0.000000000000000000e+00 1.000000000000000000e+00 0.000000000000000000e+00
-7.275051731415882461e-01 6.861021957786083147e-01 0.000000000000000000e+00 -6.128089000000000119e+00 -6.861021957786083147e-01 -7.275051731415882461e-01 0.000000000000000000e+00 6.078191999999999595e+00 0.000000000000000000e+00 0.000000000000000000e+00 1.000000000000000000e+00 0.000000000000000000e+00
-5.025901143940459948e-01 8.645248272394377986e-01 0.000000000000000000e+00 -6.449291999999999803e+00 -8.645248272394377986e-01 -5.025901143940459948e-01 0.000000000000000000e+00 6.296325699999999692e+00 0.000000000000000000e+00 0.000000000000000000e+00 1.000000000000000000e+00 0.000000000000000000e+00
-1.356709802717652735e-01 9.907539478155503732e-01 0.000000000000000000e+00 -6.955073399999999850e+00 -9.907539478155503732e-01 -1.356709802717652735e-01 0.000000000000000000e+00 6.497802700000000264e+00 0.000000000000000000e+00 0.000000000000000000e+00 1.000000000000000000e+00 0.000000000000000000e+00
1.451698380516739662e-01 9.894067505935315587e-01 0.000000000000000000e+00 -7.334731599999999574e+00 -9.894067505935315587e-01 1.451698380516739662e-01 0.000000000000000000e+00 6.603870399999999918e+00 0.000000000000000000e+00 0.000000000000000000e+00 1.000000000000000000e+00 0.000000000000000000e+00
6.507681814067924897e-01 7.592764806501621777e-01 0.000000000000000000e+00 -7.745805700000000016e+00 -7.592764806501621777e-01 6.507681814067924897e-01 0.000000000000000000e+00 6.466571300000000022e+00 0.000000000000000000e+00 0.000000000000000000e+00 1.000000000000000000e+00 0.000000000000000000e+00
8.541327447504383219e-01 5.200550493410120989e-01 0.000000000000000000e+00 -8.089861000000000857e+00 -5.200550493410120989e-01 8.541327447504383219e-01 0.000000000000000000e+00 6.243986999999999732e+00 0.000000000000000000e+00 0.000000000000000000e+00 1.000000000000000000e+00 0.000000000000000000e+00
9.412412822782073585e-01 3.377348790623732611e-01 0.000000000000000000e+00 -8.193982999999999350e+00 -3.377348790623732611e-01 9.412412822782073585e-01 0.000000000000000000e+00 5.891399400000000064e+00 0.000000000000000000e+00 0.000000000000000000e+00 1.000000000000000000e+00 0.000000000000000000e+00
9.988593283021702796e-01 4.774978810149026198e-02 0.000000000000000000e+00 -8.190842999999999208e+00 -4.774978810149026198e-02 9.988593283021702796e-01 0.000000000000000000e+00 5.911544300000000085e+00 0.000000000000000000e+00 0.000000000000000000e+00 1.000000000000000000e+00 0.000000000000000000e+00
9.976382505036002213e-01 6.868712493703504895e-02 0.000000000000000000e+00 -8.234757000000000104e+00 -6.868712493703504895e-02 9.976382505036002213e-01 0.000000000000000000e+00 5.400496500000000033e+00 0.000000000000000000e+00 0.000000000000000000e+00 1.000000000000000000e+00 0.000000000000000000e+00
9.958905436705907110e-01 -9.056503203497037746e-02 0.000000000000000000e+00 -8.320044499999999843e+00 9.056503203497037746e-02 9.958905436705907110e-01 0.000000000000000000e+00 4.882264600000000065e+00 0.000000000000000000e+00 0.000000000000000000e+00 1.000000000000000000e+00 0.000000000000000000e+00
9.579671699229502790e-01 -2.868778509223275930e-01 0.000000000000000000e+00 -8.223471999999999227e+00 2.868778509223275930e-01 9.579671699229502790e-01 0.000000000000000000e+00 4.381047999999999831e+00 0.000000000000000000e+00 0.000000000000000000e+00 1.000000000000000000e+00 0.000000000000000000e+00
9.104077510707552223e-01 -4.137121303397928718e-01 0.000000000000000000e+00 -8.104803000000000424e+00 4.137121303397928718e-01 9.104077510707552223e-01 0.000000000000000000e+00 3.988998000000000044e+00 0.000000000000000000e+00 0.000000000000000000e+00 1.000000000000000000e+00 0.000000000000000000e+00
8.545464379299257951e-01 -5.193749949903975205e-01 0.000000000000000000e+00 -7.872925300000000348e+00 5.193749949903975205e-01 8.545464379299257951e-01 0.000000000000000000e+00 3.458349500000000187e+00 0.000000000000000000e+00 0.000000000000000000e+00 1.000000000000000000e+00 0.000000000000000000e+00
8.785294969366038709e-01 -4.776881022302290614e-01 0.000000000000000000e+00 -7.562267300000000247e+00 4.776881022302290614e-01 8.785294969366038709e-01 0.000000000000000000e+00 2.926226000000000216e+00 0.000000000000000000e+00 0.000000000000000000e+00 1.000000000000000000e+00 0.000000000000000000e+00
8.466375136579071814e-01 -5.321700108679152663e-01 0.000000000000000000e+00 -7.153752299999999842e+00 5.321700108679152663e-01 8.466375136579071814e-01 0.000000000000000000e+00 2.346768400000000199e+00 0.000000000000000000e+00 0.000000000000000000e+00 1.000000000000000000e+00 0.000000000000000000e+00
7.891306985200037261e-01 -6.142253174962190032e-01 0.000000000000000000e+00 -6.899090000000000167e+00 6.142253174962190032e-01 7.891306985200037261e-01 0.000000000000000000e+00 1.986397500000000038e+00 0.000000000000000000e+00 0.000000000000000000e+00 1.000000000000000000e+00 0.000000000000000000e+00
6.624424650886043819e-01 -7.491127955437240082e-01 0.000000000000000000e+00 -6.539355300000000426e+00 7.491127955437240082e-01 6.624424650886043819e-01 0.000000000000000000e+00 1.543726600000000060e+00 0.000000000000000000e+00 0.000000000000000000e+00 1.000000000000000000e+00 0.000000000000000000e+00
6.985084041410437594e-01 -7.156018511325500375e-01 0.000000000000000000e+00 -6.084975000000000023e+00 7.156018511325500375e-01 6.985084041410437594e-01 0.000000000000000000e+00 1.101171399999999911e+00 0.000000000000000000e+00 0.000000000000000000e+00 1.000000000000000000e+00 0.000000000000000000e+00
7.496830507153161571e-01 -6.617970409953316535e-01 0.000000000000000000e+00 -5.717005699999999635e+00 6.617970409953316535e-01 7.496830507153161571e-01 0.000000000000000000e+00 8.394840999999999553e-01 0.000000000000000000e+00 0.000000000000000000e+00 1.000000000000000000e+00 0.000000000000000000e+00
7.296392954007122622e-01 -6.838322152451961067e-01 0.000000000000000000e+00 -5.386235000000000106e+00 6.838322152451961067e-01 7.296392954007122622e-01 0.000000000000000000e+00 3.939335999999999949e-01 0.000000000000000000e+00 0.000000000000000000e+00 1.000000000000000000e+00 0.000000000000000000e+00
6.303966532254320354e-01 -7.762731861929628163e-01 0.000000000000000000e+00 -5.066934599999999733e+00 7.762731861929628163e-01 6.303966532254320354e-01 0.000000000000000000e+00 1.145099200000000012e-01 0.000000000000000000e+00 0.000000000000000000e+00 1.000000000000000000e+00 0.000000000000000000e+00
5.637259427380265642e-01 -8.259619007461077578e-01 0.000000000000000000e+00 -4.590891000000000055e+00 8.259619007461077578e-01 5.637259427380265642e-01 0.000000000000000000e+00 -2.942254999999999732e-01 0.000000000000000000e+00 0.000000000000000000e+00 1.000000000000000000e+00 0.000000000000000000e+00
3.633770950277354084e-01 -9.316421452517077428e-01 0.000000000000000000e+00 -4.264740999999999893e+00 9.316421452517077428e-01 3.633770950277354084e-01 0.000000000000000000e+00 -7.700004999999999766e-01 0.000000000000000000e+00 0.000000000000000000e+00 1.000000000000000000e+00 0.000000000000000000e+00
4.107564015312418215e-01 -9.117451280928816626e-01 0.000000000000000000e+00 -3.744492300000000107e+00 9.117451280928816626e-01 4.107564015312418215e-01 0.000000000000000000e+00 -9.590391499999999514e-01 0.000000000000000000e+00 0.000000000000000000e+00 1.000000000000000000e+00 0.000000000000000000e+00
5.622987079269357036e-01 -8.269341951229847165e-01 0.000000000000000000e+00 -3.229669799999999924e+00 8.269341951229847165e-01 5.622987079269357036e-01 0.000000000000000000e+00 -1.157676099999999986e+00 0.000000000000000000e+00 0.000000000000000000e+00 1.000000000000000000e+00 0.000000000000000000e+00
4.708603310353308147e-01 -8.822077695516508111e-01 0.000000000000000000e+00 -2.637236600000000042e+00 8.822077695516508111e-01 4.708603310353308147e-01 0.000000000000000000e+00 -1.534022100000000055e+00 0.000000000000000000e+00 0.000000000000000000e+00 1.000000000000000000e+00 0.000000000000000000e+00
4.443595514556137327e-01 -8.958485301825112046e-01 0.000000000000000000e+00 -2.171110899999999955e+00 8.958485301825112046e-01 4.443595514556137327e-01 0.000000000000000000e+00 -1.569479000000000068e+00 0.000000000000000000e+00 0.000000000000000000e+00 1.000000000000000000e+00 0.000000000000000000e+00
3.287232020077783257e-01 -9.444263107631813980e-01 0.000000000000000000e+00 -2.193391999999999786e+00 9.444263107631813980e-01 3.287232020077783257e-01 0.000000000000000000e+00 -1.634782399999999969e+00 0.000000000000000000e+00 0.000000000000000000e+00 1.000000000000000000e+00 0.000000000000000000e+00
2.612207304343587833e-01 -9.652790943511312394e-01 0.000000000000000000e+00 -1.710716700000000090e+00 9.652790943511312394e-01 2.612207304343587833e-01 0.000000000000000000e+00 -1.693585399999999908e+00 0.000000000000000000e+00 0.000000000000000000e+00 1.000000000000000000e+00 0.000000000000000000e+00
1.426795389282198845e-01 -9.897689372632536564e-01 0.000000000000000000e+00 -1.310299799999999903e+00 9.897689372632536564e-01 1.426795389282198845e-01 0.000000000000000000e+00 -1.550444399999999945e+00 0.000000000000000000e+00 0.000000000000000000e+00 1.000000000000000000e+00 0.000000000000000000e+00
-4.576008797646659992e-02 -9.989524585025986170e-01 0.000000000000000000e+00 -8.741406999999999927e-01 9.989524585025986170e-01 -4.576008797646659992e-02 0.000000000000000000e+00 -1.426012499999999905e+00 0.000000000000000000e+00 0.000000000000000000e+00 1.000000000000000000e+00 0.000000000000000000e+00
-2.582586539147876392e-01 -9.660758084530022272e-01 0.000000000000000000e+00 -3.904762299999999797e-01 9.660758084530022272e-01 -2.582586539147876392e-01 0.000000000000000000e+00 -1.369723299999999977e+00 0.000000000000000000e+00 0.000000000000000000e+00 1.000000000000000000e+00 0.000000000000000000e+00
-4.068876947468822447e-01 -9.134781901411592742e-01 0.000000000000000000e+00 -1.573894200000000021e-01 9.134781901411592742e-01 -4.068876947468822447e-01 0.000000000000000000e+00 -1.093205600000000111e+00 0.000000000000000000e+00 0.000000000000000000e+00 1.000000000000000000e+00 0.000000000000000000e+00
-5.237774127117488243e-01 -8.518551648801492293e-01 0.000000000000000000e+00 1.214494700000000038e-01 8.518551648801492293e-01 -5.237774127117488243e-01 0.000000000000000000e+00 -8.484233599999999598e-01 0.000000000000000000e+00 0.000000000000000000e+00 1.000000000000000000e+00 0.000000000000000000e+00
-6.717440938727817779e-01 -7.407832829829755772e-01 0.000000000000000000e+00 3.849191699999999772e-01 7.407832829829755772e-01 -6.717440938727817779e-01 0.000000000000000000e+00 -6.953190000000000204e-01 0.000000000000000000e+00 0.000000000000000000e+00 1.000000000000000000e+00 0.000000000000000000e+00
-8.065029036312324484e-01 -5.912301298431863472e-01 0.000000000000000000e+00 6.289557000000000064e-01 5.912301298431863472e-01 -8.065029036312324484e-01 0.000000000000000000e+00 -3.213016399999999995e-01 0.000000000000000000e+00 0.000000000000000000e+00 1.000000000000000000e+00 0.000000000000000000e+00
-8.657089415376301167e-01 -5.005477285352476491e-01 0.000000000000000000e+00 8.465028999999999471e-01 5.005477285352476491e-01 -8.657089415376301167e-01 0.000000000000000000e+00 -5.033588399999999741e-02 0.000000000000000000e+00 0.000000000000000000e+00 1.000000000000000000e+00 0.000000000000000000e+00
9.222656767025588787e-01 3.865566214364605790e-01 0.000000000000000000e+00 1.035883700000000074e+00 -3.865566214364605790e-01 9.222656767025588787e-01 0.000000000000000000e+00 3.801515400000000100e-01 0.000000000000000000e+00 0.000000000000000000e+00 1.000000000000000000e+00 0.000000000000000000e+00
9.497763324344706826e-01 3.129295741014673782e-01 0.000000000000000000e+00 1.115532299999999921e+00 -3.129295741014673782e-01 9.497763324344706826e-01 0.000000000000000000e+00 7.756641499999999967e-01 0.000000000000000000e+00 0.000000000000000000e+00 1.000000000000000000e+00 0.000000000000000000e+00
9.667156910025566097e-01 2.558530296272638616e-01 0.000000000000000000e+00 1.219805000000000028e+00 -2.558530296272638616e-01 9.667156910025566097e-01 0.000000000000000000e+00 1.236667299999999914e+00 0.000000000000000000e+00 0.000000000000000000e+00 1.000000000000000000e+00 0.000000000000000000e+00
9.923632378512446950e-01 1.233499256643224157e-01 0.000000000000000000e+00 1.293710499999999985e+00 -1.233499256643224157e-01 9.923632378512446950e-01 0.000000000000000000e+00 1.815216399999999952e+00 0.000000000000000000e+00 0.000000000000000000e+00 1.000000000000000000e+00 0.000000000000000000e+00
9.914605713538433562e-01 -1.304068075320860276e-01 0.000000000000000000e+00 1.210262500000000019e+00 1.304068075320860276e-01 9.914605713538433562e-01 0.000000000000000000e+00 2.060191399999999895e+00 0.000000000000000000e+00 0.000000000000000000e+00 1.000000000000000000e+00 0.000000000000000000e+00
9.535389734084656066e-01 -3.012696901301714636e-01 0.000000000000000000e+00 1.073365399999999914e+00 3.012696901301714636e-01 9.535389734084656066e-01 0.000000000000000000e+00 2.412456000000000156e+00 0.000000000000000000e+00 0.000000000000000000e+00 1.000000000000000000e+00 0.000000000000000000e+00
8.699343701901507409e-01 -4.931675086234553196e-01 0.000000000000000000e+00 6.830045599999999828e-01 4.931675086234553196e-01 8.699343701901507409e-01 0.000000000000000000e+00 2.857860800000000090e+00 0.000000000000000000e+00 0.000000000000000000e+00 1.000000000000000000e+00 0.000000000000000000e+00
8.283467550012827418e-01 -5.602157204852831196e-01 0.000000000000000000e+00 3.837917399999999923e-01 5.602157204852831196e-01 8.283467550012827418e-01 0.000000000000000000e+00 3.373327300000000140e+00 0.000000000000000000e+00 0.000000000000000000e+00 1.000000000000000000e+00 0.000000000000000000e+00
7.629164135259370871e-01 -6.464971353167169310e-01 0.000000000000000000e+00 2.869872199999999873e-01 6.464971353167169310e-01 7.629164135259370871e-01 0.000000000000000000e+00 3.612982000000000138e+00 0.000000000000000000e+00 0.000000000000000000e+00 1.000000000000000000e+00 0.000000000000000000e+00
-6.791157940154293193e-01 7.340311562316635952e-01 0.000000000000000000e+00 -1.904609700000000072e-01 -7.340311562316635952e-01 -6.791157940154293193e-01 0.000000000000000000e+00 3.875083399999999845e+00 0.000000000000000000e+00 0.000000000000000000e+00 1.000000000000000000e+00 0.000000000000000000e+00
