9.999943734309729715e-01 3.354565008421981319e-03 0.000000000000000000e+00 -8.000336000000000780e+00 -3.354565008421981319e-03 9.999943734309729715e-01 0.000000000000000000e+00 4.999918000000000085e+00 0.000000000000000000e+00 0.000000000000000000e+00 1.000000000000000000e+00 0.000000000000000000e+00
9.995457216951758594e-01 3.013884936207699219e-02 0.000000000000000000e+00 -8.044938999999999396e+00 -3.013884936207699219e-02 9.995457216951758594e-01 0.000000000000000000e+00 4.596375499999999725e+00 0.000000000000000000e+00 0.000000000000000000e+00 1.000000000000000000e+00 0.000000000000000000e+00
9.993203163578209258e-01 3.686333292724296162e-02 0.000000000000000000e+00 -8.101594000000000406e+00 -3.686333292724296162e-02 9.993203163578209258e-01 0.000000000000000000e+00 4.193032999999999788e+00 0.000000000000000000e+00 0.000000000000000000e+00 1.000000000000000000e+00 0.000000000000000000e+00
9.999788506704054836e-01 -6.503707549927266983e-03 0.000000000000000000e+00 -8.083176999999999168e+00 6.503707549927266983e-03 9.999788506704054836e-01 0.000000000000000000e+00 3.845493299999999781e+00 0.000000000000000000e+00 0.000000000000000000e+00 1.000000000000000000e+00 0.000000000000000000e+00
9.994178491834371236e-01 -3.411689806463267388e-02 0.000000000000000000e+00 -8.045241000000000753e+00 3.411689806463267388e-02 9.994178491834371236e-01 0.000000000000000000e+00 3.497651600000000194e+00 0.000000000000000000e+00 0.000000000000000000e+00 1.000000000000000000e+00 0.000000000000000000e+00
9.958527204887909212e-01 -9.097999282850087466e-02 0.000000000000000000e+00 -8.073206000000000770e+00 9.097999282850087466e-02 9.958527204887909212e-01 0.000000000000000000e+00 3.005904999999999827e+00 0.000000000000000000e+00 0.000000000000000000e+00 1.000000000000000000e+00 0.000000000000000000e+00
9.997840432447806513e-01 2.078140690902783097e-02 0.000000000000000000e+00 -7.915210000000000079e+00 -2.078140690902783097e-02 9.997840432447806513e-01 0.000000000000000000e+00 2.484515700000000216e+00 0.000000000000000000e+00 0.000000000000000000e+00 1.000000000000000000e+00 0.000000000000000000e+00
9.966246567142996726e-01 8.209320087013498302e-02 0.000000000000000000e+00 -7.902522000000000268e+00 -8.209320087013498302e-02 9.966246567142996726e-01 0.000000000000000000e+00 2.000094400000000050e+00 0.000000000000000000e+00 0.000000000000000000e+00 1.000000000000000000e+00 0.000000000000000000e+00
9.999873098554874495e-01 5.037869389461630855e-03 0.000000000000000000e+00 -7.889328500000000410e+00 -5.037869389461630855e-03 9.999873098554874495e-01 0.000000000000000000e+00 1.569655900000000104e+00 0.000000000000000000e+00 0.000000000000000000e+00 1.000000000000000000e+00 0.000000000000000000e+00
9.995998687107719993e-01 -2.828608268048709434e-02 0.000000000000000000e+00 -7.936943499999999929e+00 2.828608268048709434e-02 9.995998687107719993e-01 0.000000000000000000e+00 1.068090299999999937e+00 0.000000000000000000e+00 0.000000000000000000e+00 1.000000000000000000e+00 0.000000000000000000e+00
9.997912355382440053e-01 -2.043245802422216303e-02 0.000000000000000000e+00 -7.831021999999999927e+00 2.043245802422216303e-02 9.997912355382440053e-01 0.000000000000000000e+00 6.137274499999999522e-01 0.000000000000000000e+00 0.000000000000000000e+00 1.000000000000000000e+00 0.000000000000000000e+00
9.877189675731253837e-01 1.562409712472352386e-01 0.000000000000000000e+00 -7.900151700000000332e+00 -1.562409712472352386e-01 9.877189675731253837e-01 0.000000000000000000e+00 2.213123700000000083e-01 0.000000000000000000e+00 0.000000000000000000e+00 1.000000000000000000e+00 0.000000000000000000e+00
9.878656368702577462e-01 1.553109252142944596e-01 0.000000000000000000e+00 -7.888836999999999655e+00 -1.553109252142944596e-01 9.878656368702577462e-01 0.000000000000000000e+00 -2.107118400000000114e-01 0.000000000000000000e+00 0.000000000000000000e+00 1.000000000000000000e+00 0.000000000000000000e+00
9.911988354000024204e-01 1.323815270408937594e-01 0.000000000000000000e+00 -8.140838000000000463e+00 -1.323815270408937594e-01 9.911988354000024204e-01 0.000000000000000000e+00 -7.342900999999999456e-01 0.000000000000000000e+00 0.000000000000000000e+00 1.000000000000000000e+00 0.000000000000000000e+00
9.997171046291223329e-01 -2.378467388812463557e-02 0.000000000000000000e+00 -8.049088499999999868e+00 2.378467388812463557e-02 9.997171046291223329e-01 0.000000000000000000e+00 -1.059436299999999997e+00 0.000000000000000000e+00 0.000000000000000000e+00 1.000000000000000000e+00 0.000000000000000000e+00
9.998085127026117291e-01 -1.956879984545540491e-02 0.000000000000000000e+00 -8.080130999999999730e+00 1.956879984545540491e-02 9.998085127026117291e-01 0.000000000000000000e+00 -1.567456100000000019e+00 0.000000000000000000e+00 0.000000000000000000e+00 1.000000000000000000e+00 0.000000000000000000e+00
9.904476964239110615e-01 -1.378889431701035562e-01 0.000000000000000000e+00 -8.189906999999999826e+00 1.378889431701035562e-01 9.904476964239110615e-01 0.000000000000000000e+00 -1.863508600000000071e+00 0.000000000000000000e+00 0.000000000000000000e+00 1.000000000000000000e+00 0.000000000000000000e+00
9.870289778969247863e-01 -1.605421962966496474e-01 0.000000000000000000e+00 -8.025328999999999269e+00 1.605421962966496474e-01 9.870289778969247863e-01 0.000000000000000000e+00 -2.440103500000000203e+00 0.000000000000000000e+00 0.000000000000000000e+00 1.000000000000000000e+00 0.000000000000000000e+00
9.955726422670637676e-01 -9.399528695300116143e-02 0.000000000000000000e+00 -8.095003999999999422e+00 9.399528695300116143e-02 9.955726422670637676e-01 0.000000000000000000e+00 -2.896845799999999915e+00 0.000000000000000000e+00 0.000000000000000000e+00 1.000000000000000000e+00 0.000000000000000000e+00
9.934070141061481785e-01 -1.146407620556806617e-01 0.000000000000000000e+00 -7.917828000000000088e+00 1.146407620556806617e-01 9.934070141061481785e-01 0.000000000000000000e+00 -3.188729499999999994e+00 0.000000000000000000e+00 0.000000000000000000e+00 1.000000000000000000e+00 0.000000000000000000e+00
9.666841932895131606e-01 -2.559720110562933582e-01 0.000000000000000000e+00 -8.090673999999999921e+00 2.559720110562933582e-01 9.666841932895131606e-01 0.000000000000000000e+00 -3.191569799999999901e+00 0.000000000000000000e+00 0.000000000000000000e+00 1.000000000000000000e+00 0.000000000000000000e+00
9.243930403768589876e-01 -3.814413544738257111e-01 0.000000000000000000e+00 -7.919762000000000413e+00 3.814413544738257111e-01 9.243930403768589876e-01 0.000000000000000000e+00 -3.413890100000000150e+00 0.000000000000000000e+00 0.000000000000000000e+00 1.000000000000000000e+00 0.000000000000000000e+00
8.595503294439328368e-01 -5.110511042477322574e-01 0.000000000000000000e+00 -7.639495400000000380e+00 5.110511042477322574e-01 8.595503294439328368e-01 0.000000000000000000e+00 -3.803573099999999929e+00 0.000000000000000000e+00 0.000000000000000000e+00 1.000000000000000000e+00 0.000000000000000000e+00
7.165238003893349417e-01 -6.975626448396046175e-01 0.000000000000000000e+00 -7.344337499999999963e+00 6.975626448396046175e-01 7.165238003893349417e-01 0.000000000000000000e+00 -4.073210200000000114e+00 0.000000000000000000e+00 0.000000000000000000e+00 1.000000000000000000e+00 0.000000000000000000e+00
5.732368638033494834e-01 -8.193897106852758849e-01 0.000000000000000000e+00 -7.042637299999999989e+00 8.193897106852758849e-01 5.732368638033494834e-01 0.000000000000000000e+00 -4.362155399999999794e+00 0.000000000000000000e+00 0.000000000000000000e+00 1.000000000000000000e+00 0.000000000000000000e+00
4.280083540202669345e-01 -9.037747777454634424e-01 0.000000000000000000e+00 -6.710910300000000106e+00 9.037747777454634424e-01 4.280083540202669345e-01 0.000000000000000000e+00 -4.463068500000000327e+00 0.000000000000000000e+00 0.000000000000000000e+00 1.000000000000000000e+00 0.000000000000000000e+00
2.481782609251197980e-01 -9.687143804053820473e-01 0.000000000000000000e+00 -6.427376699999999943e+00 9.687143804053820473e-01 2.481782609251197980e-01 0.000000000000000000e+00 -4.418224000000000373e+00 0.000000000000000000e+00 0.000000000000000000e+00 1.000000000000000000e+00 0.000000000000000000e+00
1.256640181214508656e-01 -9.920728574805237621e-01 0.000000000000000000e+00 -6.186028000000000304e+00 9.920728574805237621e-01 1.256640181214508656e-01 0.000000000000000000e+00 -4.413240000000000052e+00 0.000000000000000000e+00 0.000000000000000000e+00 1.000000000000000000e+00 0.000000000000000000e+00
-1.195935391998692310e-01 -9.928229375783222954e-01 0.000000000000000000e+00 -5.782676999999999623e+00 9.928229375783222954e-01 -1.195935391998692310e-01 0.000000000000000000e+00 -4.370369000000000170e+00 0.000000000000000000e+00 0.000000000000000000e+00 1.000000000000000000e+00 0.000000000000000000e+00
-3.134237128877711553e-01 -9.496133824876542562e-01 0.000000000000000000e+00 -5.287713499999999733e+00 9.496133824876542562e-01 -3.134237128877711553e-01 0.000000000000000000e+00 -4.313485000000000014e+00 0.000000000000000000e+00 0.000000000000000000e+00 1.000000000000000000e+00 0.000000000000000000e+00
3.901992865926957599e-01 9.207304256635333584e-01 0.000000000000000000e+00 -4.989155300000000182e+00 -9.207304256635333584e-01 3.901992865926957599e-01 0.000000000000000000e+00 -4.175755999999999801e+00 0.000000000000000000e+00 0.000000000000000000e+00 1.000000000000000000e+00 0.000000000000000000e+00
4.922034291889904045e-01 8.704802032755245556e-01 0.000000000000000000e+00 -4.543297299999999872e+00 -8.704802032755245556e-01 4.922034291889904045e-01 0.000000000000000000e+00 -3.886604300000000123e+00 0.000000000000000000e+00 0.000000000000000000e+00 1.000000000000000000e+00 0.000000000000000000e+00
5.532571486362302116e-01 8.330105206315874256e-01 0.000000000000000000e+00 -4.211198999999999693e+00 -8.330105206315874256e-01 5.532571486362302116e-01 0.000000000000000000e+00 -3.651180999999999788e+00 0.000000000000000000e+00 0.000000000000000000e+00 1.000000000000000000e+00 0.000000000000000000e+00
7.291949240782829023e-01 6.843060446163450328e-01 0.000000000000000000e+00 -3.957640399999999836e+00 -6.843060446163450328e-01 7.291949240782829023e-01 0.000000000000000000e+00 -3.569444700000000026e+00 0.000000000000000000e+00 0.000000000000000000e+00 1.000000000000000000e+00 0.000000000000000000e+00
8.501869716529382170e-01 5.264808764158542820e-01 0.000000000000000000e+00 -3.823274099999999898e+00 -5.264808764158542820e-01 8.501869716529382170e-01 0.000000000000000000e+00 -3.099420799999999865e+00 0.000000000000000000e+00 0.000000000000000000e+00 1.000000000000000000e+00 0.000000000000000000e+00
9.241971209409484134e-01 3.819158043920963808e-01 0.000000000000000000e+00 -3.649565200000000065e+00 -3.819158043920963808e-01 9.241971209409484134e-01 0.000000000000000000e+00 -2.641460400000000153e+00 0.000000000000000000e+00 0.000000000000000000e+00 1.000000000000000000e+00 0.000000000000000000e+00
9.755771065603584535e-01 2.196572538190330048e-01 0.000000000000000000e+00 -3.669286500000000117e+00 -2.196572538190330048e-01 9.755771065603584535e-01 0.000000000000000000e+00 -2.236963699999999999e+00 0.000000000000000000e+00 0.000000000000000000e+00 1.000000000000000000e+00 0.000000000000000000e+00
9.985868943018328947e-01 5.314333945679434318e-02 0.000000000000000000e+00 -3.474357599999999824e+00 -5.314333945679434318e-02 9.985868943018328947e-01 0.000000000000000000e+00 -1.807802899999999990e+00 0.000000000000000000e+00 0.000000000000000000e+00 1.000000000000000000e+00 0.000000000000000000e+00
9.991400602670329478e-01 4.146251282290749907e-02 0.000000000000000000e+00 -3.336873300000000153e+00 -4.146251282290749907e-02 9.991400602670329478e-01 0.000000000000000000e+00 -1.390469399999999967e+00 0.000000000000000000e+00 0.000000000000000000e+00 1.000000000000000000e+00 0.000000000000000000e+00
9.997336845926094728e-01 2.307725917185193473e-02 0.000000000000000000e+00 -3.277358500000000063e+00 -2.307725917185193473e-02 9.997336845926094728e-01 0.000000000000000000e+00 -8.151247999999999827e-01 0.000000000000000000e+00 0.000000000000000000e+00 1.000000000000000000e+00 0.000000000000000000e+00
-9.990184439247865589e-01 -4.429614766656499864e-02 0.000000000000000000e+00 -3.314782000000000117e+00 4.429614766656499864e-02 -9.990184439247865589e-01 0.000000000000000000e+00 -9.658813000000000537e-01 0.000000000000000000e+00 0.000000000000000000e+00 1.000000000000000000e+00 0.000000000000000000e+00
9.923612121661655738e-01 -1.233662214226343978e-01 0.000000000000000000e+00 -3.423595699999999908e+00 1.233662214226343978e-01 9.923612121661655738e-01 0.000000000000000000e+00 -2.249550499999999897e-01 0.000000000000000000e+00 0.000000000000000000e+00 1.000000000000000000e+00 0.000000000000000000e+00
9.539062997327599769e-01 -3.001046006480971862e-01 0.000000000000000000e+00 -3.551123000000000030e+00 3.001046006480971862e-01 9.539062997327599769e-01 0.000000000000000000e+00 2.134141499999999969e-01 0.000000000000000000e+00 0.000000000000000000e+00 1.000000000000000000e+00 0.000000000000000000e+00
9.221437661237028571e-01 -3.868473530983423392e-01 0.000000000000000000e+00 -3.624200999999999784e+00 3.868473530983423392e-01 9.221437661237028571e-01 0.000000000000000000e+00 7.827777000000000207e-01 0.000000000000000000e+00 0.000000000000000000e+00 1.000000000000000000e+00 0.000000000000000000e+00
8.789679604604805352e-01 -4.768808283879140131e-01 0.000000000000000000e+00 -3.758516999999999886e+00 4.768808283879140131e-01 8.789679604604805352e-01 0.000000000000000000e+00 1.324676299999999918e+00 0.000000000000000000e+00 0.000000000000000000e+00 1.000000000000000000e+00 0.000000000000000000e+00
8.520337056619405880e-01 -5.234869286008788647e-01 0.000000000000000000e+00 -4.067175999999999902e+00 5.234869286008788647e-01 8.520337056619405880e-01 0.000000000000000000e+00 1.721417799999999998e+00 0.000000000000000000e+00 0.000000000000000000e+00 1.000000000000000000e+00 0.000000000000000000e+00
8.403204119326641575e-01 -5.420900343017915901e-01 0.000000000000000000e+00 -4.310177300000000322e+00 5.420900343017915901e-01 8.403204119326641575e-01 0.000000000000000000e+00 2.040838200000000047e+00 0.000000000000000000e+00 0.000000000000000000e+00 1.000000000000000000e+00 0.000000000000000000e+00
7.728950354217417607e-01 -6.345338952494378182e-01 0.000000000000000000e+00 -4.440896000000000399e+00 6.345338952494378182e-01 7.728950354217417607e-01 0.000000000000000000e+00 2.640648000000000106e+00 0.000000000000000000e+00 0.000000000000000000e+00 1.000000000000000000e+00 0.000000000000000000e+00
6.923714372290302732e-01 -7.215412620976066060e-01 0.000000000000000000e+00 -4.783322000000000074e+00 7.215412620976066060e-01 6.923714372290302732e-01 0.000000000000000000e+00 2.989559700000000042e+00 0.000000000000000000e+00 0.000000000000000000e+00 1.000000000000000000e+00 0.000000000000000000e+00
6.765746713613565166e-01 -7.363740313673970972e-01 0.000000000000000000e+00 -5.182051999999999659e+00 7.363740313673970972e-01 6.765746713613565166e-01 0.000000000000000000e+00 3.427569200000000205e+00 0.000000000000000000e+00 0.000000000000000000e+00 1.000000000000000000e+00 0.000000000000000000e+00
6.163260250851665401e-01 -7.874910988720562610e-01 0.000000000000000000e+00 -5.452897499999999731e+00 7.874910988720562610e-01 6.163260250851665401e-01 0.000000000000000000e+00 3.805389200000000027e+00 0.000000000000000000e+00 0.000000000000000000e+00 1.000000000000000000e+00 0.000000000000000000e+00
6.390980669283541360e-01 -7.691252569305215836e-01 0.000000000000000000e+00 -5.874325299999999750e+00 7.691252569305215836e-01 6.390980669283541360e-01 0.000000000000000000e+00 4.045894999999999797e+00 0.000000000000000000e+00 0.000000000000000000e+00 1.000000000000000000e+00 0.000000000000000000e+00
4.732399498560570517e-01 -8.809335672229982039e-01 0.000000000000000000e+00 -6.205918999999999741e+00 8.809335672229982039e-01 4.732399498560570517e-01 0.000000000000000000e+00 4.393035399999999591e+00 0.000000000000000000e+00 0.000000000000000000e+00 1.000000000000000000e+00 0.000000000000000000e+00
4.239353203517933211e-01 -9.056924666564376558e-01 0.000000000000000000e+00 -6.383198700000000336e+00 9.056924666564376558e-01 4.239353203517933211e-01 0.000000000000000000e+00 4.642922000000000438e+00 0.000000000000000000e+00 0.000000000000000000e+00 1.000000000000000000e+00 0.000000000000000000e+00
3.142036635590607085e-01 -9.493556013454940157e-01 0.000000000000000000e+00 -6.782143600000000383e+00 9.493556013454940157e-01 3.142036635590607085e-01 0.000000000000000000e+00 4.731180000000000163e+00 0.000000000000000000e+00 0.000000000000000000e+00 1.000000000000000000e+00 0.000000000000000000e+00
2.073629264976390441e-01 -9.782640833202120856e-01 0.000000000000000000e+00 -7.200943999999999789e+00 9.782640833202120856e-01 2.073629264976390441e-01 0.000000000000000000e+00 5.095956000000000152e+00 0.000000000000000000e+00 0.000000000000000000e+00 1.000000000000000000e+00 0.000000000000000000e+00
6.451178839137060306e-02 -9.979169450202491909e-01 0.000000000000000000e+00 -7.764459600000000350e+00 9.979169450202491909e-01 6.451178839137060306e-02 0.000000000000000000e+00 5.249986999999999959e+00 0.000000000000000000e+00 0.000000000000000000e+00 1.000000000000000000e+00 0.000000000000000000e+00
-4.760657953585597374e-02 -9.988661640004111719e-01 0.000000000000000000e+00 -8.149421000000000248e+00 9.988661640004111719e-01 -4.760657953585597374e-02 0.000000000000000000e+00 5.210024400000000000e+00 0.000000000000000000e+00 0.000000000000000000e+00 1.000000000000000000e+00 0.000000000000000000e+00
-4.707531865965116635e-01 -8.822649473424805100e-01 0.000000000000000000e+00 -8.681694999999999496e+00 8.822649473424805100e-01 -4.707531865965116635e-01 0.000000000000000000e+00 5.177209999999999646e+00 0.000000000000000000e+00 0.000000000000000000e+00 1.000000000000000000e+00 0.000000000000000000e+00
-5.901502795004288648e-01 -8.072934086226430939e-01 0.000000000000000000e+00 -9.034636000000000777e+00 8.072934086226430939e-01 -5.901502795004288648e-01 0.000000000000000000e+00 5.037059300000000128e+00 0.000000000000000000e+00 0.000000000000000000e+00 1.000000000000000000e+00 0.000000000000000000e+00
7.420276680390885948e-01 -6.703692563538934390e-01 0.000000000000000000e+00 -8.898837999999999582e+00 6.703692563538934390e-01 7.420276680390885948e-01 0.000000000000000000e+00 5.048964500000000299e+00 0.000000000000000000e+00 0.000000000000000000e+00 1.000000000000000000e+00 0.000000000000000000e+00
-9.217403493294733519e-01 -3.878075920066295090e-01 0.000000000000000000e+00 -9.080876999999999200e+00 3.878075920066295090e-01 -9.217403493294733519e-01 0.000000000000000000e+00 4.711650399999999905e+00 0.000000000000000000e+00 0.000000000000000000e+00 1.000000000000000000e+00 0.000000000000000000e+00
-9.995296097924508683e-01 -3.066853677877301801e-02 0.000000000000000000e+00 -9.238020999999999816e+00 3.066853677877301801e-02 -9.995296097924508683e-01 0.000000000000000000e+00 4.399231399999999681e+00 0.000000000000000000e+00 0.000000000000000000e+00 1.000000000000000000e+00 0.000000000000000000e+00
-9.498660123120041820e-01 3.126572542809323285e-01 0.000000000000000000e+00 -9.243064999999999642e+00 -3.126572542809323285e-01 -9.498660123120041820e-01 0.000000000000000000e+00 3.915202999999999989e+00 0.000000000000000000e+00 0.000000000000000000e+00 1.000000000000000000e+00 0.000000000000000000e+00
-7.425754827866944963e-01 6.697623850024033709e-01 0.000000000000000000e+00 -8.970052000000000803e+00 -6.697623850024033709e-01 -7.425754827866944963e-01 0.000000000000000000e+00 3.526513000000000009e+00 0.000000000000000000e+00 0.000000000000000000e+00 1.000000000000000000e+00 0.000000000000000000e+00
-4.869365610775737707e-01 8.734373391869312275e-01 0.000000000000000000e+00 -8.499442000000000164e+00 -8.734373391869312275e-01 -4.869365610775737707e-01 0.000000000000000000e+00 3.367932600000000054e+00 0.000000000000000000e+00 0.000000000000000000e+00 1.000000000000000000e+00 0.000000000000000000e+00
-2.983661492236660551e-01 9.544514869795326373e-01 0.000000000000000000e+00 -7.922678999999999583e+00 -9.544514869795326373e-01 -2.983661492236660551e-01 0.000000000000000000e+00 3.103341299999999858e+00 0.000000000000000000e+00 0.000000000000000000e+00 1.000000000000000000e+00 0.000000000000000000e+00
-3.461605623660220926e-02 9.994006847359193646e-01 0.000000000000000000e+00 -7.384832000000000285e+00 -9.994006847359193646e-01 -3.461605623660220926e-02 0.000000000000000000e+00 3.049301400000000051e+00 0.000000000000000000e+00 0.000000000000000000e+00 1.000000000000000000e+00 0.000000000000000000e+00
3.184842343862598901e-01 9.479281578513204520e-01 0.000000000000000000e+00 -7.100177999999999656e+00 -9.479281578513204520e-01 3.184842343862598901e-01 0.000000000000000000e+00 3.282643799999999779e+00 0.000000000000000000e+00 0.000000000000000000e+00 1.000000000000000000e+00 0.000000000000000000e+00
6.413688111882865917e-01 7.672327209099752965e-01 0.000000000000000000e+00 -6.746019399999999777e+00 -7.672327209099752965e-01 6.413688111882865917e-01 0.000000000000000000e+00 3.639339399999999891e+00 0.000000000000000000e+00 0.000000000000000000e+00 1.000000000000000000e+00 0.000000000000000000e+00
-8.848040798532071927e-01 -4.659632391885858427e-01 0.000000000000000000e+00 -6.395072500000000382e+00 4.659632391885858427e-01 -8.848040798532071927e-01 0.000000000000000000e+00 3.959833000000000158e+00 0.000000000000000000e+00 0.000000000000000000e+00 1.000000000000000000e+00 0.000000000000000000e+00
-9.772417749969953826e-01 -2.121285299075111874e-01 0.000000000000000000e+00 -6.269059699999999680e+00 2.121285299075111874e-01 -9.772417749969953826e-01 0.000000000000000000e+00 4.664049999999999585e+00 0.000000000000000000e+00 0.000000000000000000e+00 1.000000000000000000e+00 0.000000000000000000e+00
-9.860613603844533559e-01 1.663820710195696717e-01 0.000000000000000000e+00 -6.352180500000000229e+00 -1.663820710195696717e-01 -9.860613603844533559e-01 0.000000000000000000e+00 5.135723600000000388e+00 0.000000000000000000e+00 0.000000000000000000e+00 1.000000000000000000e+00 0.000000000000000000e+00
-8.851996860200090911e-01 4.652112593973595778e-01 0.000000000000000000e+00 -6.334907499999999914e+00 -4.652112593973595778e-01 -8.851996860200090911e-01 0.000000000000000000e+00 5.674472999999999878e+00 0.000000000000000000e+00 0.000000000000000000e+00 1.000000000000000000e+00 0.000000000000000000e+00
-6.922954937668862607e-01 7.216141277095835527e-01 0.000000000000000000e+00 -6.576317999999999664e+00 -7.216141277095835527e-01 -6.922954937668862607e-01 0.000000000000000000e+00 5.980997600000000247e+00 0.000000000000000000e+00 0.000000000000000000e+00 1.000000000000000000e+00 0.000000000000000000e+00
-3.265301599152494738e-01 9.451867829512438091e-01 0.000000000000000000e+00 -7.009890999999999650e+00 -9.451867829512438091e-01 -3.265301599152494738e-01 0.000000000000000000e+00 6.306168600000000346e+00 0.000000000000000000e+00 0.000000000000000000e+00 1.000000000000000000e+00 0.000000000000000000e+00
-4.065662004387167114e-03 9.999917351620792871e-01 0.000000000000000000e+00 -7.349739600000000372e+00 -9.999917351620792871e-01 -4.065662004387167114e-03 0.000000000000000000e+00 6.494530000000000136e+00 0.000000000000000000e+00 0.000000000000000000e+00 1.000000000000000000e+00 0.000000000000000000e+00
5.717424682213601006e-01 8.204331478140964862e-01 0.000000000000000000e+00 -7.763385000000000424e+00 -8.204331478140964862e-01 5.717424682213601006e-01 0.000000000000000000e+00 6.430475000000000385e+00 0.000000000000000000e+00 0.000000000000000000e+00 1.000000000000000000e+00 0.000000000000000000e+00
8.272951759468295529e-01 5.617674713394362751e-01 0.000000000000000000e+00 -8.113013000000000474e+00 -5.617674713394362751e-01 8.272951759468295529e-01 0.000000000000000000e+00 6.253991000000000078e+00 0.000000000000000000e+00 0.000000000000000000e+00 1.000000000000000000e+00 0.000000000000000000e+00
9.398057439398336266e-01 3.417091799435535426e-01 0.000000000000000000e+00 -8.217954999999999899e+00 -3.417091799435535426e-01 9.398057439398336266e-01 0.000000000000000000e+00 5.918008999999999631e+00 0.000000000000000000e+00 0.000000000000000000e+00 1.000000000000000000e+00 0.000000000000000000e+00
9.999757840755401084e-01 6.959257324505974118e-03 0.000000000000000000e+00 -8.196756999999999849e+00 -6.959257324505974118e-03 9.999757840755401084e-01 0.000000000000000000e+00 5.949539699999999876e+00 0.000000000000000000e+00 0.000000000000000000e+00 1.000000000000000000e+00 0.000000000000000000e+00
9.941951750632775919e-01 1.075916069259067465e-01 0.000000000000000000e+00 -8.195747000000000781e+00 -1.075916069259067465e-01 9.941951750632775919e-01 0.000000000000000000e+00 5.450079399999999907e+00 0.000000000000000000e+00 0.000000000000000000e+00 1.000000000000000000e+00 0.000000000000000000e+00
9.992191206872536036e-01 3.951137624775445667e-02 0.000000000000000000e+00 -8.275373999999999342e+00 -3.951137624775445667e-02 9.992191206872536036e-01 0.000000000000000000e+00 4.948788600000000315e+00 0.000000000000000000e+00 0.000000000000000000e+00 1.000000000000000000e+00 0.000000000000000000e+00
9.995565093222463782e-01 -2.977892999296461937e-02 0.000000000000000000e+00 -8.264355000000000118e+00 2.977892999296461937e-02 9.995565093222463782e-01 0.000000000000000000e+00 4.446576999999999558e+00 0.000000000000000000e+00 0.000000000000000000e+00 1.000000000000000000e+00 0.000000000000000000e+00
9.992899814364361033e-01 -3.767669041685088593e-02 0.000000000000000000e+00 -8.261409999999999698e+00 3.767669041685088593e-02 9.992899814364361033e-01 0.000000000000000000e+00 4.039911299999999983e+00 0.000000000000000000e+00 0.000000000000000000e+00 1.000000000000000000e+00 0.000000000000000000e+00
9.945958536848068521e-01 -1.038223859916072855e-01 0.000000000000000000e+00 -8.208271999999999124e+00 1.038223859916072855e-01 9.945958536848068521e-01 0.000000000000000000e+00 3.456605999999999845e+00 0.000000000000000000e+00 0.000000000000000000e+00 1.000000000000000000e+00 0.000000000000000000e+00
9.997780281560675331e-01 2.106880196796720797e-02 0.000000000000000000e+00 -8.110476500000000755e+00 -2.106880196796720797e-02 9.997780281560675331e-01 0.000000000000000000e+00 2.840078999999999798e+00 0.000000000000000000e+00 0.000000000000000000e+00 1.000000000000000000e+00 0.000000000000000000e+00
9.993427905286815793e-01 3.624895885880859148e-02 0.000000000000000000e+00 -8.070337000000000316e+00 -3.624895885880859148e-02 9.993427905286815793e-01 0.000000000000000000e+00 2.149541600000000052e+00 0.000000000000000000e+00 0.000000000000000000e+00 1.000000000000000000e+00 0.000000000000000000e+00
9.999867783978052538e-01 5.142278636825972291e-03 0.000000000000000000e+00 -8.086667999999999523e+00 -5.142278636825972291e-03 9.999867783978052538e-01 0.000000000000000000e+00 1.721392599999999939e+00 0.000000000000000000e+00 0.000000000000000000e+00 1.000000000000000000e+00 0.000000000000000000e+00
9.923225104984266798e-01 -1.236771408066176248e-01 0.000000000000000000e+00 -8.078692999999999458e+00 1.236771408066176248e-01 9.923225104984266798e-01 0.000000000000000000e+00 1.169705500000000065e+00 0.000000000000000000e+00 0.000000000000000000e+00 1.000000000000000000e+00 0.000000000000000000e+00
9.998191006226220257e-01 -1.902014800602606567e-02 0.000000000000000000e+00 -8.031261999999999901e+00 1.902014800602606567e-02 9.998191006226220257e-01 0.000000000000000000e+00 5.583226700000000209e-01 0.000000000000000000e+00 0.000000000000000000e+00 1.000000000000000000e+00 0.000000000000000000e+00
9.920925264090069140e-01 1.255086413096485054e-01 0.000000000000000000e+00 -7.983012000000000441e+00 -1.255086413096485054e-01 9.920925264090069140e-01 0.000000000000000000e+00 1.142279600000000034e-01 0.000000000000000000e+00 0.000000000000000000e+00 1.000000000000000000e+00 0.000000000000000000e+00
9.881163653447796458e-01 1.537076723453387472e-01 0.000000000000000000e+00 -8.125097000000000236e+00 -1.537076723453387472e-01 9.881163653447796458e-01 0.000000000000000000e+00 -4.273097000000000145e-01 0.000000000000000000e+00 0.000000000000000000e+00 1.000000000000000000e+00 0.000000000000000000e+00
9.990258928672430816e-01 4.412783000338538208e-02 0.000000000000000000e+00 -8.171174000000000603e+00 -4.412783000338538208e-02 9.990258928672430816e-01 0.000000000000000000e+00 -8.681151000000000284e-01 0.000000000000000000e+00 0.000000000000000000e+00 1.000000000000000000e+00 0.000000000000000000e+00
9.997346521264589558e-01 -2.303530632720474092e-02 0.000000000000000000e+00 -8.236838000000000548e+00 2.303530632720474092e-02 9.997346521264589558e-01 0.000000000000000000e+00 -1.510869599999999924e+00 0.000000000000000000e+00 0.000000000000000000e+00 1.000000000000000000e+00 0.000000000000000000e+00
9.756683754429176236e-01 -2.192515020714294605e-01 0.000000000000000000e+00 -8.432679000000000258e+00 2.192515020714294605e-01 9.756683754429176236e-01 0.000000000000000000e+00 -2.026725299999999841e+00 0.000000000000000000e+00 0.000000000000000000e+00 1.000000000000000000e+00 0.000000000000000000e+00
9.901884353013877815e-01 -1.397385508561948542e-01 0.000000000000000000e+00 -8.299321000000000836e+00 1.397385508561948542e-01 9.901884353013877815e-01 0.000000000000000000e+00 -2.535437299999999894e+00 0.000000000000000000e+00 0.000000000000000000e+00 1.000000000000000000e+00 0.000000000000000000e+00
9.996007878195883878e-01 2.825358367461167780e-02 0.000000000000000000e+00 -8.204344000000000747e+00 -2.825358367461167780e-02 9.996007878195883878e-01 0.000000000000000000e+00 -3.068337000000000092e+00 0.000000000000000000e+00 0.000000000000000000e+00 1.000000000000000000e+00 0.000000000000000000e+00
9.955470028999229282e-01 -9.426645753915299797e-02 0.000000000000000000e+00 -8.214052999999999827e+00 9.426645753915299797e-02 9.955470028999229282e-01 0.000000000000000000e+00 -3.762007000000000101e+00 0.000000000000000000e+00 0.000000000000000000e+00 1.000000000000000000e+00 0.000000000000000000e+00
9.917402229891306709e-01 -1.282627385699736944e-01 0.000000000000000000e+00 -7.981721000000000288e+00 1.282627385699736944e-01 9.917402229891306709e-01 0.000000000000000000e+00 -4.157430599999999643e+00 0.000000000000000000e+00 0.000000000000000000e+00 1.000000000000000000e+00 0.000000000000000000e+00
9.664916651860303576e-01 -2.566979959523138510e-01 0.000000000000000000e+00 -8.043570000000000775e+00 2.566979959523138510e-01 9.664916651860303576e-01 0.000000000000000000e+00 -4.162354500000000179e+00 0.000000000000000000e+00 0.000000000000000000e+00 1.000000000000000000e+00 0.000000000000000000e+00
9.329630211989256017e-01 -3.599722226441550155e-01 0.000000000000000000e+00 -7.852503300000000408e+00 3.599722226441550155e-01 9.329630211989256017e-01 0.000000000000000000e+00 -4.595187700000000319e+00 0.000000000000000000e+00 0.000000000000000000e+00 1.000000000000000000e+00 0.000000000000000000e+00
8.603114324962378712e-01 -5.097688094776602341e-01 0.000000000000000000e+00 -7.530124999999999957e+00 5.097688094776602341e-01 8.603114324962378712e-01 0.000000000000000000e+00 -4.830776000000000181e+00 0.000000000000000000e+00 0.000000000000000000e+00 1.000000000000000000e+00 0.000000000000000000e+00
7.405360533164749848e-01 -6.720166320400551285e-01 0.000000000000000000e+00 -7.150872699999999860e+00 6.720166320400551285e-01 7.405360533164749848e-01 0.000000000000000000e+00 -5.086733999999999867e+00 0.000000000000000000e+00 0.000000000000000000e+00 1.000000000000000000e+00 0.000000000000000000e+00
5.731855852728170442e-01 -8.194255822437191972e-01 0.000000000000000000e+00 -6.790302999999999756e+00 8.194255822437191972e-01 5.731855852728170442e-01 0.000000000000000000e+00 -5.417776599999999831e+00 0.000000000000000000e+00 0.000000000000000000e+00 1.000000000000000000e+00 0.000000000000000000e+00
4.085798105030040706e-01 -9.127225966575656102e-01 0.000000000000000000e+00 -6.438426500000000274e+00 9.127225966575656102e-01 4.085798105030040706e-01 0.000000000000000000e+00 -5.429646499999999598e+00 0.000000000000000000e+00 0.000000000000000000e+00 1.000000000000000000e+00 0.000000000000000000e+00
2.495924157448057845e-01 -9.683509828583187762e-01 0.000000000000000000e+00 -6.080394700000000263e+00 9.683509828583187762e-01 2.495924157448057845e-01 0.000000000000000000e+00 -5.484417399999999887e+00 0.000000000000000000e+00 0.000000000000000000e+00 1.000000000000000000e+00 0.000000000000000000e+00
6.709867554317738847e-02 -9.977463443883677341e-01 0.000000000000000000e+00 -5.777256500000000017e+00 9.977463443883677341e-01 6.709867554317738847e-02 0.000000000000000000e+00 -5.537645999999999624e+00 0.000000000000000000e+00 0.000000000000000000e+00 1.000000000000000000e+00 0.000000000000000000e+00
-1.212339158047584242e-01 -9.926239658897243467e-01 0.000000000000000000e+00 -5.328517999999999866e+00 9.926239658897243467e-01 -1.212339158047584242e-01 0.000000000000000000e+00 -5.423564999999999969e+00 0.000000000000000000e+00 0.000000000000000000e+00 1.000000000000000000e+00 0.000000000000000000e+00
-2.487802170379100342e-01 -9.685599638693365154e-01 0.000000000000000000e+00 -4.974555999999999756e+00 9.685599638693365154e-01 -2.487802170379100342e-01 0.000000000000000000e+00 -5.395157300000000156e+00 0.000000000000000000e+00 0.000000000000000000e+00 1.000000000000000000e+00 0.000000000000000000e+00
3.903195306582556978e-01 9.206794577846943994e-01 0.000000000000000000e+00 -4.527300399999999669e+00 -9.206794577846943994e-01 3.903195306582556978e-01 0.000000000000000000e+00 -5.227925299999999886e+00 0.000000000000000000e+00 0.000000000000000000e+00 1.000000000000000000e+00 0.000000000000000000e+00
4.850968574388598298e-01 8.744604272938498735e-01 0.000000000000000000e+00 -4.214000999999999664e+00 -8.744604272938498735e-01 4.850968574388598298e-01 0.000000000000000000e+00 -4.998184700000000369e+00 0.000000000000000000e+00 0.000000000000000000e+00 1.000000000000000000e+00 0.000000000000000000e+00
5.530659164964530916e-01 8.331374988619455468e-01 0.000000000000000000e+00 -3.845019000000000187e+00 -8.331374988619455468e-01 5.530659164964530916e-01 0.000000000000000000e+00 -4.726980700000000368e+00 0.000000000000000000e+00 0.000000000000000000e+00 1.000000000000000000e+00 0.000000000000000000e+00
6.745875833319281423e-01 7.381948200945255278e-01 0.000000000000000000e+00 -3.407156000000000073e+00 -7.381948200945255278e-01 6.745875833319281423e-01 0.000000000000000000e+00 -4.332887600000000283e+00 0.000000000000000000e+00 0.000000000000000000e+00 1.000000000000000000e+00 0.000000000000000000e+00
8.484677011841834648e-01 5.292471634758443289e-01 0.000000000000000000e+00 -3.313276800000000133e+00 -5.292471634758443289e-01 8.484677011841834648e-01 0.000000000000000000e+00 -4.082562399999999592e+00 0.000000000000000000e+00 0.000000000000000000e+00 1.000000000000000000e+00 0.000000000000000000e+00
9.148443141876420048e-01 4.038067369405109464e-01 0.000000000000000000e+00 -3.169608600000000109e+00 -4.038067369405109464e-01 9.148443141876420048e-01 0.000000000000000000e+00 -3.736286199999999891e+00 0.000000000000000000e+00 0.000000000000000000e+00 1.000000000000000000e+00 0.000000000000000000e+00
9.755945925786293493e-01 2.195795776736492455e-01 0.000000000000000000e+00 -3.141016700000000217e+00 -2.195795776736492455e-01 9.755945925786293493e-01 0.000000000000000000e+00 -3.153808399999999956e+00 0.000000000000000000e+00 0.000000000000000000e+00 1.000000000000000000e+00 0.000000000000000000e+00
9.895599633090119696e-01 1.441217506688940997e-01 0.000000000000000000e+00 -3.024225700000000128e+00 -1.441217506688940997e-01 9.895599633090119696e-01 0.000000000000000000e+00 -2.562618000000000062e+00 0.000000000000000000e+00 0.000000000000000000e+00 1.000000000000000000e+00 0.000000000000000000e+00
9.991536422589484268e-01 4.113391740008980751e-02 0.000000000000000000e+00 -2.942357799999999912e+00 -4.113391740008980751e-02 9.991536422589484268e-01 0.000000000000000000e+00 -2.311881500000000145e+00 0.000000000000000000e+00 0.000000000000000000e+00 1.000000000000000000e+00 0.000000000000000000e+00
-9.967930974228382812e-01 8.002200278788362819e-02 0.000000000000000000e+00 -3.116114599999999957e+00 -8.002200278788362819e-02 -9.967930974228382812e-01 0.000000000000000000e+00 -1.795598999999999945e+00 0.000000000000000000e+00 0.000000000000000000e+00 1.000000000000000000e+00 0.000000000000000000e+00
