9.999988134181445609e-01 1.540507157694576568e-03 0.000000000000000000e+00 -8.000000000000184741e+00 -1.540507157694576568e-03 9.999988134181445609e-01 0.000000000000000000e+00 4.999999999999603872e+00 0.000000000000000000e+00 0.000000000000000000e+00 1.000000000000000000e+00 0.000000000000000000e+00
9.978336599064485668e-01 -6.578743920918254939e-02 0.000000000000000000e+00 -8.013964579752343553e+00 6.578743920918254939e-02 9.978336599064485668e-01 0.000000000000000000e+00 4.603645774566417437e+00 0.000000000000000000e+00 0.000000000000000000e+00 1.000000000000000000e+00 0.000000000000000000e+00
9.905195309174542606e-01 -1.373719726547829867e-01 0.000000000000000000e+00 -7.997715887098896914e+00 1.373719726547829867e-01 9.905195309174542606e-01 0.000000000000000000e+00 4.208265369782165699e+00 0.000000000000000000e+00 0.000000000000000000e+00 1.000000000000000000e+00 0.000000000000000000e+00
9.650215507608467247e-01 -2.621705676980740640e-01 0.000000000000000000e+00 -7.922145748521897346e+00 2.621705676980740640e-01 9.650215507608467247e-01 0.000000000000000000e+00 3.870780022904334761e+00 0.000000000000000000e+00 0.000000000000000000e+00 1.000000000000000000e+00 0.000000000000000000e+00
9.308326051931383738e-01 -3.654458388179498973e-01 0.000000000000000000e+00 -7.790480157041852038e+00 3.654458388179498973e-01 9.308326051931383738e-01 0.000000000000000000e+00 3.544767985215887762e+00 0.000000000000000000e+00 0.000000000000000000e+00 1.000000000000000000e+00 0.000000000000000000e+00
8.684095976861196942e-01 -4.958475276197630288e-01 0.000000000000000000e+00 -7.604474642379623894e+00 4.958475276197630288e-01 8.684095976861196942e-01 0.000000000000000000e+00 3.077402981845143604e+00 0.000000000000000000e+00 0.000000000000000000e+00 1.000000000000000000e+00 0.000000000000000000e+00
8.914574699085309195e-01 -4.531043801865975440e-01 0.000000000000000000e+00 -7.188375204368604443e+00 4.531043801865975440e-01 8.914574699085309195e-01 0.000000000000000000e+00 2.685745610749589840e+00 0.000000000000000000e+00 0.000000000000000000e+00 1.000000000000000000e+00 0.000000000000000000e+00
8.799283988793005218e-01 -4.751063174129665501e-01 0.000000000000000000e+00 -6.956989674977338112e+00 4.751063174129665501e-01 8.799283988793005218e-01 0.000000000000000000e+00 2.273029202955321626e+00 0.000000000000000000e+00 0.000000000000000000e+00 1.000000000000000000e+00 0.000000000000000000e+00
7.903571165385602226e-01 -6.126464137957985390e-01 0.000000000000000000e+00 -6.713148119420583093e+00 6.126464137957985390e-01 7.903571165385602226e-01 0.000000000000000000e+00 1.927782890259713389e+00 0.000000000000000000e+00 0.000000000000000000e+00 1.000000000000000000e+00 0.000000000000000000e+00
7.259025485637741193e-01 -6.877975646864544768e-01 0.000000000000000000e+00 -6.429968555976526723e+00 6.877975646864544768e-01 7.259025485637741193e-01 0.000000000000000000e+00 1.528690691219716014e+00 0.000000000000000000e+00 0.000000000000000000e+00 1.000000000000000000e+00 0.000000000000000000e+00
6.931696211133447916e-01 -7.207744975826919642e-01 0.000000000000000000e+00 -6.037886577845507752e+00 7.207744975826919642e-01 6.931696211133447916e-01 0.000000000000000000e+00 1.289891610364028995e+00 0.000000000000000000e+00 0.000000000000000000e+00 1.000000000000000000e+00 0.000000000000000000e+00
7.924043108917318001e-01 -6.099962361196991090e-01 0.000000000000000000e+00 -5.803093860868538734e+00 6.099962361196991090e-01 7.924043108917318001e-01 0.000000000000000000e+00 9.595239009578448997e-01 0.000000000000000000e+00 0.000000000000000000e+00 1.000000000000000000e+00 0.000000000000000000e+00
7.731312093770674743e-01 -6.342461139708726048e-01 0.000000000000000000e+00 -5.473238743812038898e+00 6.342461139708726048e-01 7.731312093770674743e-01 0.000000000000000000e+00 6.687557032692904579e-01 0.000000000000000000e+00 0.000000000000000000e+00 1.000000000000000000e+00 0.000000000000000000e+00
7.400989106638046211e-01 -6.724980315467471437e-01 0.000000000000000000e+00 -5.225367138357870367e+00 6.724980315467471437e-01 7.400989106638046211e-01 0.000000000000000000e+00 1.198909771953566017e-01 0.000000000000000000e+00 0.000000000000000000e+00 1.000000000000000000e+00 0.000000000000000000e+00
5.830851524387861140e-01 -8.124110443645122803e-01 0.000000000000000000e+00 -4.891203658513434860e+00 8.124110443645122803e-01 5.830851524387861140e-01 0.000000000000000000e+00 -2.938827527515036619e-02 0.000000000000000000e+00 0.000000000000000000e+00 1.000000000000000000e+00 0.000000000000000000e+00
5.871676581987620436e-01 -8.094653427821241198e-01 0.000000000000000000e+00 -4.497933483331184590e+00 8.094653427821241198e-01 5.871676581987620436e-01 0.000000000000000000e+00 -3.244353850540694917e-01 0.000000000000000000e+00 0.000000000000000000e+00 1.000000000000000000e+00 0.000000000000000000e+00
4.915194178443874073e-01 -8.708666154365515277e-01 0.000000000000000000e+00 -4.321430908900945944e+00 8.708666154365515277e-01 4.915194178443874073e-01 0.000000000000000000e+00 -5.548643625485915054e-01 0.000000000000000000e+00 0.000000000000000000e+00 1.000000000000000000e+00 0.000000000000000000e+00
4.648781598492064404e-01 -8.853746644755629003e-01 0.000000000000000000e+00 -3.747445273597984183e+00 8.853746644755629003e-01 4.648781598492064404e-01 0.000000000000000000e+00 -7.592307696050207833e-01 0.000000000000000000e+00 0.000000000000000000e+00 1.000000000000000000e+00 0.000000000000000000e+00
5.232268118672021018e-01 -8.521934659121034317e-01 0.000000000000000000e+00 -3.408706783620631064e+00 8.521934659121034317e-01 5.232268118672021018e-01 0.000000000000000000e+00 -1.074629430185318091e+00 0.000000000000000000e+00 0.000000000000000000e+00 1.000000000000000000e+00 0.000000000000000000e+00
5.106579696030851823e-01 -8.597839484898833762e-01 0.000000000000000000e+00 -3.049228104031557862e+00 8.597839484898833762e-01 5.106579696030851823e-01 0.000000000000000000e+00 -1.079475254190875644e+00 0.000000000000000000e+00 0.000000000000000000e+00 1.000000000000000000e+00 0.000000000000000000e+00
3.855888267231917799e-01 -9.226707195452950039e-01 0.000000000000000000e+00 -3.131533684296573750e+00 9.226707195452950039e-01 3.855888267231917799e-01 0.000000000000000000e+00 -1.189710564587706854e+00 0.000000000000000000e+00 0.000000000000000000e+00 1.000000000000000000e+00 0.000000000000000000e+00
2.814187256634718692e-01 -9.595850670190463338e-01 0.000000000000000000e+00 -2.844882613121720194e+00 9.595850670190463338e-01 2.814187256634718692e-01 0.000000000000000000e+00 -1.197236003548984851e+00 0.000000000000000000e+00 0.000000000000000000e+00 1.000000000000000000e+00 0.000000000000000000e+00
1.573635757793212520e-01 -9.875407358777388289e-01 0.000000000000000000e+00 -2.361259631606575038e+00 9.875407358777388289e-01 1.573635757793212520e-01 0.000000000000000000e+00 -1.229461920818973653e+00 0.000000000000000000e+00 0.000000000000000000e+00 1.000000000000000000e+00 0.000000000000000000e+00
-6.261428948231156921e-02 -9.980378002624075151e-01 0.000000000000000000e+00 -1.940644193089487990e+00 9.980378002624075151e-01 -6.261428948231156921e-02 0.000000000000000000e+00 -1.153087341065327731e+00 0.000000000000000000e+00 0.000000000000000000e+00 1.000000000000000000e+00 0.000000000000000000e+00
-2.243140485020609920e-01 -9.745169098813089015e-01 0.000000000000000000e+00 -1.500486959916043750e+00 9.745169098813089015e-01 -2.243140485020609920e-01 0.000000000000000000e+00 -1.090564258566991240e+00 0.000000000000000000e+00 0.000000000000000000e+00 1.000000000000000000e+00 0.000000000000000000e+00
-3.575324219044656582e-01 -9.339007266766243820e-01 0.000000000000000000e+00 -1.179295808241683785e+00 9.339007266766243820e-01 -3.575324219044656582e-01 0.000000000000000000e+00 -9.159848480950428806e-01 0.000000000000000000e+00 0.000000000000000000e+00 1.000000000000000000e+00 0.000000000000000000e+00
-5.067416366238551850e-01 -8.620979722234455300e-01 0.000000000000000000e+00 -9.937957527485518083e-01 8.620979722234455300e-01 -5.067416366238551850e-01 0.000000000000000000e+00 -6.849312807649988732e-01 0.000000000000000000e+00 0.000000000000000000e+00 1.000000000000000000e+00 0.000000000000000000e+00
-6.010164856898553287e-01 -7.992366257429748266e-01 0.000000000000000000e+00 -8.241341308390939258e-01 7.992366257429748266e-01 -6.010164856898553287e-01 0.000000000000000000e+00 -4.798695280145864883e-01 0.000000000000000000e+00 0.000000000000000000e+00 1.000000000000000000e+00 0.000000000000000000e+00
-7.646417954480940748e-01 -6.444555257377463375e-01 0.000000000000000000e+00 -5.621312642123004188e-01 6.444555257377463375e-01 -7.646417954480940748e-01 0.000000000000000000e+00 -1.365683856462962253e-01 0.000000000000000000e+00 0.000000000000000000e+00 1.000000000000000000e+00 0.000000000000000000e+00
-8.771489541518664446e-01 -4.802184005536303535e-01 0.000000000000000000e+00 -2.153185575699681498e-01 4.802184005536303535e-01 -8.771489541518664446e-01 0.000000000000000000e+00 2.485139268000804702e-01 0.000000000000000000e+00 0.000000000000000000e+00 1.000000000000000000e+00 0.000000000000000000e+00
9.145372850153613564e-01 4.045016122547990256e-01 0.000000000000000000e+00 -6.737774878756383479e-02 -4.045016122547990256e-01 9.145372850153613564e-01 0.000000000000000000e+00 5.588216920630175721e-01 0.000000000000000000e+00 0.000000000000000000e+00 1.000000000000000000e+00 0.000000000000000000e+00
9.424446913728408148e-01 3.343620847272471552e-01 0.000000000000000000e+00 6.539500360408279089e-02 -3.343620847272471552e-01 9.424446913728408148e-01 0.000000000000000000e+00 1.069531327536545895e+00 0.000000000000000000e+00 0.000000000000000000e+00 1.000000000000000000e+00 0.000000000000000000e+00
9.547949390045239459e-01 2.972652425887484795e-01 0.000000000000000000e+00 1.636831856156548137e-01 -2.972652425887484795e-01 9.547949390045239459e-01 0.000000000000000000e+00 1.460139344073126733e+00 0.000000000000000000e+00 0.000000000000000000e+00 1.000000000000000000e+00 0.000000000000000000e+00
9.981810978155840619e-01 6.028678100276627094e-02 0.000000000000000000e+00 3.069471554473133246e-01 -6.028678100276627094e-02 9.981810978155840619e-01 0.000000000000000000e+00 1.688500588899032095e+00 0.000000000000000000e+00 0.000000000000000000e+00 1.000000000000000000e+00 0.000000000000000000e+00
9.882632755074796105e-01 -1.527602640847005588e-01 0.000000000000000000e+00 1.081245759042960275e-01 1.527602640847005588e-01 9.882632755074796105e-01 0.000000000000000000e+00 2.141299098084427754e+00 0.000000000000000000e+00 0.000000000000000000e+00 1.000000000000000000e+00 0.000000000000000000e+00
9.469453729232945038e-01 -3.213945561131406059e-01 0.000000000000000000e+00 -2.075581136524635995e-02 3.213945561131406059e-01 9.469453729232945038e-01 0.000000000000000000e+00 2.607498864229360169e+00 0.000000000000000000e+00 0.000000000000000000e+00 1.000000000000000000e+00 0.000000000000000000e+00
8.765381364585933532e-01 -4.813324166661709924e-01 0.000000000000000000e+00 -2.650405844101620945e-01 4.813324166661709924e-01 8.765381364585933532e-01 0.000000000000000000e+00 2.905857483524078244e+00 0.000000000000000000e+00 0.000000000000000000e+00 1.000000000000000000e+00 0.000000000000000000e+00
7.891491568378014021e-01 -6.142016022953595833e-01 0.000000000000000000e+00 -3.945235522088470503e-01 6.142016022953595833e-01 7.891491568378014021e-01 0.000000000000000000e+00 3.357863772020665216e+00 0.000000000000000000e+00 0.000000000000000000e+00 1.000000000000000000e+00 0.000000000000000000e+00
7.868122575856293377e-01 -6.171924102846739757e-01 0.000000000000000000e+00 -5.559388215429738045e-01 6.171924102846739757e-01 7.868122575856293377e-01 0.000000000000000000e+00 3.764153077785511670e+00 0.000000000000000000e+00 0.000000000000000000e+00 1.000000000000000000e+00 0.000000000000000000e+00
7.700143305626351298e-01 -6.380265909256266355e-01 0.000000000000000000e+00 -8.721513368372481034e-01 6.380265909256266355e-01 7.700143305626351298e-01 0.000000000000000000e+00 4.234610957019153687e+00 0.000000000000000000e+00 0.000000000000000000e+00 1.000000000000000000e+00 0.000000000000000000e+00
-7.836718490342472476e-01 6.211750421831547797e-01 0.000000000000000000e+00 -7.892186392685723861e-01 -6.211750421831547797e-01 -7.836718490342472476e-01 0.000000000000000000e+00 4.090713826198980385e+00 0.000000000000000000e+00 0.000000000000000000e+00 1.000000000000000000e+00 0.000000000000000000e+00
6.642187020204814996e-01 -7.475383039592197187e-01 0.000000000000000000e+00 -1.344586528580148599e+00 7.475383039592197187e-01 6.642187020204814996e-01 0.000000000000000000e+00 4.573430733766100431e+00 0.000000000000000000e+00 0.000000000000000000e+00 1.000000000000000000e+00 0.000000000000000000e+00
5.132761315487041065e-01 -8.582235214572002668e-01 0.000000000000000000e+00 -1.717095368855217075e+00 8.582235214572002668e-01 5.132761315487041065e-01 0.000000000000000000e+00 4.813133511185417213e+00 0.000000000000000000e+00 0.000000000000000000e+00 1.000000000000000000e+00 0.000000000000000000e+00
4.210988616938862172e-01 -9.070147455692841865e-01 0.000000000000000000e+00 -2.137286600100334777e+00 9.070147455692841865e-01 4.210988616938862172e-01 0.000000000000000000e+00 5.184566905532501657e+00 0.000000000000000000e+00 0.000000000000000000e+00 1.000000000000000000e+00 0.000000000000000000e+00
3.166617117658275249e-01 -9.485385391756815388e-01 0.000000000000000000e+00 -2.588267933738281457e+00 9.485385391756815388e-01 3.166617117658275249e-01 0.000000000000000000e+00 5.489510452720893774e+00 0.000000000000000000e+00 0.000000000000000000e+00 1.000000000000000000e+00 0.000000000000000000e+00
2.570854129040789915e-01 -9.663886849875360507e-01 0.000000000000000000e+00 -3.070917971839278060e+00 9.663886849875360507e-01 2.570854129040789915e-01 0.000000000000000000e+00 5.563788212762363905e+00 0.000000000000000000e+00 0.000000000000000000e+00 1.000000000000000000e+00 0.000000000000000000e+00
2.287701480388144304e-01 -9.734804668642812464e-01 0.000000000000000000e+00 -3.453045267874888857e+00 9.734804668642812464e-01 2.287701480388144304e-01 0.000000000000000000e+00 5.623262500989961943e+00 0.000000000000000000e+00 0.000000000000000000e+00 1.000000000000000000e+00 0.000000000000000000e+00
1.042200514238458692e-01 -9.945542624116650021e-01 0.000000000000000000e+00 -3.949105983058160074e+00 9.945542624116650021e-01 1.042200514238458692e-01 0.000000000000000000e+00 5.959800721745054375e+00 0.000000000000000000e+00 0.000000000000000000e+00 1.000000000000000000e+00 0.000000000000000000e+00
-2.147956844413900085e-02 -9.997692874555876852e-01 0.000000000000000000e+00 -4.423136492188159075e+00 9.997692874555876852e-01 -2.147956844413900085e-02 0.000000000000000000e+00 5.963245302343903376e+00 0.000000000000000000e+00 0.000000000000000000e+00 1.000000000000000000e+00 0.000000000000000000e+00
-4.786303595402873617e-02 -9.988539081313460022e-01 0.000000000000000000e+00 -4.999746575444004471e+00 9.988539081313460022e-01 -4.786303595402873617e-02 0.000000000000000000e+00 5.986396299984282798e+00 0.000000000000000000e+00 0.000000000000000000e+00 1.000000000000000000e+00 0.000000000000000000e+00
-1.300979761084498920e-01 -9.915011430212701260e-01 0.000000000000000000e+00 -5.443600315421589286e+00 9.915011430212701260e-01 -1.300979761084498920e-01 0.000000000000000000e+00 6.055453267775134485e+00 0.000000000000000000e+00 0.000000000000000000e+00 1.000000000000000000e+00 0.000000000000000000e+00
-1.005142464179075296e-01 -9.949356191568579089e-01 0.000000000000000000e+00 -5.895086814866688840e+00 9.949356191568579089e-01 -1.005142464179075296e-01 0.000000000000000000e+00 5.919334145199897534e+00 0.000000000000000000e+00 0.000000000000000000e+00 1.000000000000000000e+00 0.000000000000000000e+00
-2.936754097149734122e-01 -9.559052012248612229e-01 0.000000000000000000e+00 -6.359742172194800425e+00 9.559052012248612229e-01 -2.936754097149734122e-01 0.000000000000000000e+00 5.922232000834459775e+00 0.000000000000000000e+00 0.000000000000000000e+00 1.000000000000000000e+00 0.000000000000000000e+00
-3.413329486904010390e-01 -9.399424546951350434e-01 0.000000000000000000e+00 -6.646837537702660725e+00 9.399424546951350434e-01 -3.413329486904010390e-01 0.000000000000000000e+00 5.967814237449823089e+00 0.000000000000000000e+00 0.000000000000000000e+00 1.000000000000000000e+00 0.000000000000000000e+00
-4.423319277871856081e-01 -8.968514178279878291e-01 0.000000000000000000e+00 -6.976096165367711599e+00 8.968514178279878291e-01 -4.423319277871856081e-01 0.000000000000000000e+00 5.743746133139603138e+00 0.000000000000000000e+00 0.000000000000000000e+00 1.000000000000000000e+00 0.000000000000000000e+00
-5.250652504754957928e-01 -8.510619735031667021e-01 0.000000000000000000e+00 -7.515641204022625033e+00 8.510619735031667021e-01 -5.250652504754957928e-01 0.000000000000000000e+00 5.705364201497251209e+00 0.000000000000000000e+00 0.000000000000000000e+00 1.000000000000000000e+00 0.000000000000000000e+00
-6.257164718165191264e-01 -7.800505732947622395e-01 0.000000000000000000e+00 -8.015541316340121014e+00 7.800505732947622395e-01 -6.257164718165191264e-01 0.000000000000000000e+00 5.423200534427076391e+00 0.000000000000000000e+00 0.000000000000000000e+00 1.000000000000000000e+00 0.000000000000000000e+00
-6.918870803498565758e-01 -7.220057257701985032e-01 0.000000000000000000e+00 -8.259315491235787121e+00 7.220057257701985032e-01 -6.918870803498565758e-01 0.000000000000000000e+00 5.128745225869281832e+00 0.000000000000000000e+00 0.000000000000000000e+00 1.000000000000000000e+00 0.000000000000000000e+00
-9.219162731981249692e-01 -3.873891908823478558e-01 0.000000000000000000e+00 -8.626733895404191443e+00 3.873891908823478558e-01 -9.219162731981249692e-01 0.000000000000000000e+00 4.748683481849242938e+00 0.000000000000000000e+00 0.000000000000000000e+00 1.000000000000000000e+00 0.000000000000000000e+00
-9.562420687815160747e-01 -2.925766666917343772e-01 0.000000000000000000e+00 -8.801009863978666914e+00 2.925766666917343772e-01 -9.562420687815160747e-01 0.000000000000000000e+00 4.410783519723008084e+00 0.000000000000000000e+00 0.000000000000000000e+00 1.000000000000000000e+00 0.000000000000000000e+00
2.229424568555664621e-01 -9.748316064486234334e-01 0.000000000000000000e+00 -8.689873793399355506e+00 9.748316064486234334e-01 2.229424568555664621e-01 0.000000000000000000e+00 4.494417758965874476e+00 0.000000000000000000e+00 0.000000000000000000e+00 1.000000000000000000e+00 0.000000000000000000e+00
-9.853444221014814319e-01 1.705765805540069291e-01 0.000000000000000000e+00 -8.637052436085866702e+00 -1.705765805540069291e-01 -9.853444221014814319e-01 0.000000000000000000e+00 4.105880461074889354e+00 0.000000000000000000e+00 0.000000000000000000e+00 1.000000000000000000e+00 0.000000000000000000e+00
-8.802300145565582490e-01 4.745472805461655730e-01 0.000000000000000000e+00 -8.594397304398516013e+00 -4.745472805461655730e-01 -8.802300145565582490e-01 0.000000000000000000e+00 3.749520365086385532e+00 0.000000000000000000e+00 0.000000000000000000e+00 1.000000000000000000e+00 0.000000000000000000e+00
-6.978649014210723811e-01 7.162294181088604272e-01 0.000000000000000000e+00 -8.351569673696987550e+00 -7.162294181088604272e-01 -6.978649014210723811e-01 0.000000000000000000e+00 3.318984952240539243e+00 0.000000000000000000e+00 0.000000000000000000e+00 1.000000000000000000e+00 0.000000000000000000e+00
-3.840321368430823501e-01 9.233197267857630175e-01 0.000000000000000000e+00 -7.927137618389237694e+00 -9.233197267857630175e-01 -3.840321368430823501e-01 0.000000000000000000e+00 3.090618885261334992e+00 0.000000000000000000e+00 0.000000000000000000e+00 1.000000000000000000e+00 0.000000000000000000e+00
-9.664151724868512428e-02 9.953192538798152356e-01 0.000000000000000000e+00 -7.432756636627203761e+00 -9.953192538798152356e-01 -9.664151724868512428e-02 0.000000000000000000e+00 3.138677747314697619e+00 0.000000000000000000e+00 0.000000000000000000e+00 1.000000000000000000e+00 0.000000000000000000e+00
8.293872564682404358e-02 9.965546486711508445e-01 0.000000000000000000e+00 -6.798337019815134497e+00 -9.965546486711508445e-01 8.293872564682404358e-02 0.000000000000000000e+00 3.116529746443946092e+00 0.000000000000000000e+00 0.000000000000000000e+00 1.000000000000000000e+00 0.000000000000000000e+00
3.259170294772914533e-01 9.453983762926072565e-01 0.000000000000000000e+00 -6.280794708494149781e+00 -9.453983762926072565e-01 3.259170294772914533e-01 0.000000000000000000e+00 3.258218589222404482e+00 0.000000000000000000e+00 0.000000000000000000e+00 1.000000000000000000e+00 0.000000000000000000e+00
6.221024795942137198e-01 7.829358242427861825e-01 0.000000000000000000e+00 -6.100577888281236483e+00 -7.829358242427861825e-01 6.221024795942137198e-01 0.000000000000000000e+00 3.567222816048248202e+00 0.000000000000000000e+00 0.000000000000000000e+00 1.000000000000000000e+00 0.000000000000000000e+00
8.550130898326854245e-01 5.186064174446399777e-01 0.000000000000000000e+00 -5.891606038796205702e+00 -5.186064174446399777e-01 8.550130898326854245e-01 0.000000000000000000e+00 4.012176974711986865e+00 0.000000000000000000e+00 0.000000000000000000e+00 1.000000000000000000e+00 0.000000000000000000e+00
-9.860635822622524360e-01 -1.663689025513304665e-01 0.000000000000000000e+00 -5.666553909376318643e+00 1.663689025513304665e-01 -9.860635822622524360e-01 0.000000000000000000e+00 4.417780235382137377e+00 0.000000000000000000e+00 0.000000000000000000e+00 1.000000000000000000e+00 0.000000000000000000e+00
-9.964602939207568566e-01 8.406475265745300129e-02 0.000000000000000000e+00 -5.770605878545209677e+00 -8.406475265745300129e-02 -9.964602939207568566e-01 0.000000000000000000e+00 5.114966806722240023e+00 0.000000000000000000e+00 0.000000000000000000e+00 1.000000000000000000e+00 0.000000000000000000e+00
-9.048680228690343386e-01 4.256922141513569402e-01 0.000000000000000000e+00 -5.993299663859067650e+00 -4.256922141513569402e-01 -9.048680228690343386e-01 0.000000000000000000e+00 5.530205199765494406e+00 0.000000000000000000e+00 0.000000000000000000e+00 1.000000000000000000e+00 0.000000000000000000e+00
-7.413599400363755088e-01 6.711076212570243893e-01 0.000000000000000000e+00 -6.127570804242413516e+00 -6.711076212570243893e-01 -7.413599400363755088e-01 0.000000000000000000e+00 6.042270575197305149e+00 0.000000000000000000e+00 0.000000000000000000e+00 1.000000000000000000e+00 0.000000000000000000e+00
-5.185155474124601982e-01 8.550682002574746532e-01 0.000000000000000000e+00 -6.444583036396667630e+00 -8.550682002574746532e-01 -5.185155474124601982e-01 0.000000000000000000e+00 6.267527240850634840e+00 0.000000000000000000e+00 0.000000000000000000e+00 1.000000000000000000e+00 0.000000000000000000e+00
-1.512221784777670608e-01 9.884997990573586302e-01 0.000000000000000000e+00 -6.946808930049392927e+00 -9.884997990573586302e-01 -1.512221784777670608e-01 0.000000000000000000e+00 6.478959026316691627e+00 0.000000000000000000e+00 0.000000000000000000e+00 1.000000000000000000e+00 0.000000000000000000e+00
1.324761804987790448e-01 9.911861891695499249e-01 0.000000000000000000e+00 -7.324995018589344653e+00 -9.911861891695499249e-01 1.324761804987790448e-01 0.000000000000000000e+00 6.591605260639177288e+00 0.000000000000000000e+00 0.000000000000000000e+00 1.000000000000000000e+00 0.000000000000000000e+00
6.428876364138260691e-01 7.659604995991922127e-01 0.000000000000000000e+00 -7.737991858571417580e+00 -7.659604995991922127e-01 6.428876364138260691e-01 0.000000000000000000e+00 6.460232947246184132e+00 0.000000000000000000e+00 0.000000000000000000e+00 1.000000000000000000e+00 0.000000000000000000e+00
8.486124148434698311e-01 5.290150937105051465e-01 0.000000000000000000e+00 -8.084552153557847731e+00 -5.290150937105051465e-01 8.486124148434698311e-01 0.000000000000000000e+00 6.241898777085221006e+00 0.000000000000000000e+00 0.000000000000000000e+00 1.000000000000000000e+00 0.000000000000000000e+00
9.387495735950052156e-01 3.446001132837827607e-01 0.000000000000000000e+00 -8.192627973234133165e+00 -3.446001132837827607e-01 9.387495735950052156e-01 0.000000000000000000e+00 5.891052979680361013e+00 0.000000000000000000e+00 0.000000000000000000e+00 1.000000000000000000e+00 0.000000000000000000e+00
9.986622202102481971e-01 5.170850921016467011e-02 0.000000000000000000e+00 -8.189340326947897708e+00 -5.170850921016467011e-02 9.986622202102481971e-01 0.000000000000000000e+00 5.911872189330143357e+00 0.000000000000000000e+00 0.000000000000000000e+00 1.000000000000000000e+00 0.000000000000000000e+00
9.976241093162608875e-01 6.889220936315786081e-02 0.000000000000000000e+00 -8.233935210358376722e+00 -6.889220936315786081e-02 9.976241093162608875e-01 0.000000000000000000e+00 5.401996937686705635e+00 0.000000000000000000e+00 0.000000000000000000e+00 1.000000000000000000e+00 0.000000000000000000e+00
9.955450317242369174e-01 -9.428727278476140006e-02 0.000000000000000000e+00 -8.317952122880818422e+00 9.428727278476140006e-02 9.955450317242369174e-01 0.000000000000000000e+00 4.884747501916626433e+00 0.000000000000000000e+00 0.000000000000000000e+00 1.000000000000000000e+00 0.000000000000000000e+00
9.628415482929566505e-01 -2.700669414808522517e-01 0.000000000000000000e+00 -8.221622901518097493e+00 2.700669414808522517e-01 9.628415482929566505e-01 0.000000000000000000e+00 4.383621666242357939e+00 0.000000000000000000e+00 0.000000000000000000e+00 1.000000000000000000e+00 0.000000000000000000e+00
9.236926796331005329e-01 -3.831342239897426727e-01 0.000000000000000000e+00 -8.110378520935812574e+00 3.831342239897426727e-01 9.236926796331005329e-01 0.000000000000000000e+00 3.988813264455063567e+00 0.000000000000000000e+00 0.000000000000000000e+00 1.000000000000000000e+00 0.000000000000000000e+00
8.625822960306557263e-01 -5.059167743557059227e-01 0.000000000000000000e+00 -7.889208778288397284e+00 5.059167743557059227e-01 8.625822960306557263e-01 0.000000000000000000e+00 3.455508201094015686e+00 0.000000000000000000e+00 0.000000000000000000e+00 1.000000000000000000e+00 0.000000000000000000e+00
8.796450623158470483e-01 -4.756307016408314325e-01 0.000000000000000000e+00 -7.581062336300333548e+00 4.756307016408314325e-01 8.796450623158470483e-01 0.000000000000000000e+00 2.922209931441959618e+00 0.000000000000000000e+00 0.000000000000000000e+00 1.000000000000000000e+00 0.000000000000000000e+00
8.562454593522506041e-01 -5.165691757535029183e-01 0.000000000000000000e+00 -7.176146321978865927e+00 5.165691757535029183e-01 8.562454593522506041e-01 0.000000000000000000e+00 2.340600799659417142e+00 0.000000000000000000e+00 0.000000000000000000e+00 1.000000000000000000e+00 0.000000000000000000e+00
8.068248878541273150e-01 -5.907906569497989313e-01 0.000000000000000000e+00 -6.929797998386197477e+00 5.907906569497989313e-01 8.068248878541273150e-01 0.000000000000000000e+00 1.974319868438668468e+00 0.000000000000000000e+00 0.000000000000000000e+00 1.000000000000000000e+00 0.000000000000000000e+00
6.802786483821240404e-01 -7.329535869039665030e-01 0.000000000000000000e+00 -6.582230258857148186e+00 7.329535869039665030e-01 6.802786483821240404e-01 0.000000000000000000e+00 1.523121064404121094e+00 0.000000000000000000e+00 0.000000000000000000e+00 1.000000000000000000e+00 0.000000000000000000e+00
7.139062143029838436e-01 -7.002413278146200071e-01 0.000000000000000000e+00 -6.137556569671573037e+00 7.002413278146200071e-01 7.139062143029838436e-01 0.000000000000000000e+00 1.071385822999743276e+00 0.000000000000000000e+00 0.000000000000000000e+00 1.000000000000000000e+00 0.000000000000000000e+00
7.683565719049505471e-01 -6.400220140045751460e-01 0.000000000000000000e+00 -5.775635485509854838e+00 6.400220140045751460e-01 7.683565719049505471e-01 0.000000000000000000e+00 8.017907434752548079e-01 0.000000000000000000e+00 0.000000000000000000e+00 1.000000000000000000e+00 0.000000000000000000e+00
7.486834857881409233e-01 -6.629276265989513250e-01 0.000000000000000000e+00 -5.457772910836278690e+00 6.629276265989513250e-01 7.486834857881409233e-01 0.000000000000000000e+00 3.472271264011890235e-01 0.000000000000000000e+00 0.000000000000000000e+00 1.000000000000000000e+00 0.000000000000000000e+00
6.582645454659840079e-01 -7.527866817249502240e-01 0.000000000000000000e+00 -5.147180792149844031e+00 7.527866817249502240e-01 6.582645454659840079e-01 0.000000000000000000e+00 5.824435805269374822e-02 0.000000000000000000e+00 0.000000000000000000e+00 1.000000000000000000e+00 0.000000000000000000e+00
5.941075930410856243e-01 -8.043855840894513776e-01 0.000000000000000000e+00 -4.686705388878356082e+00 8.043855840894513776e-01 5.941075930410856243e-01 0.000000000000000000e+00 -3.677308011368665142e-01 0.000000000000000000e+00 0.000000000000000000e+00 1.000000000000000000e+00 0.000000000000000000e+00
4.073249177430222634e-01 -9.132833138657686645e-01 0.000000000000000000e+00 -4.379053998296373429e+00 9.132833138657686645e-01 4.073249177430222634e-01 0.000000000000000000e+00 -8.547789408865612559e-01 0.000000000000000000e+00 0.000000000000000000e+00 1.000000000000000000e+00 0.000000000000000000e+00
4.516328378539007926e-01 -8.922038891262648042e-01 0.000000000000000000e+00 -3.869909634464075765e+00 8.922038891262648042e-01 4.516328378539007926e-01 0.000000000000000000e+00 -1.067793087372962857e+00 0.000000000000000000e+00 0.000000000000000000e+00 1.000000000000000000e+00 0.000000000000000000e+00
5.989244315378687844e-01 -8.008055477499145258e-01 0.000000000000000000e+00 -3.365421031374158822e+00 8.008055477499145258e-01 5.989244315378687844e-01 0.000000000000000000e+00 -1.289287195826288590e+00 0.000000000000000000e+00 0.000000000000000000e+00 1.000000000000000000e+00 0.000000000000000000e+00
5.133201482113314285e-01 -8.581971949617970274e-01 0.000000000000000000e+00 -2.791408942516932612e+00 8.581971949617970274e-01 5.133201482113314285e-01 0.000000000000000000e+00 -1.691638790373130252e+00 0.000000000000000000e+00 0.000000000000000000e+00 1.000000000000000000e+00 0.000000000000000000e+00
4.856302837112522752e-01 -8.741643023725738093e-01 0.000000000000000000e+00 -2.328520502405113657e+00 8.741643023725738093e-01 4.856302837112522752e-01 0.000000000000000000e+00 -1.749550321748111426e+00 0.000000000000000000e+00 0.000000000000000000e+00 1.000000000000000000e+00 0.000000000000000000e+00
3.713676474187750931e-01 -9.284859021281067770e-01 0.000000000000000000e+00 -2.354615267086861419e+00 9.284859021281067770e-01 3.713676474187750931e-01 0.000000000000000000e+00 -1.813429044574535132e+00 0.000000000000000000e+00 0.000000000000000000e+00 1.000000000000000000e+00 0.000000000000000000e+00
3.088588363722724606e-01 -9.511078904071639251e-01 0.000000000000000000e+00 -1.876076851670269718e+00 9.511078904071639251e-01 3.088588363722724606e-01 0.000000000000000000e+00 -1.893946609456507391e+00 0.000000000000000000e+00 0.000000000000000000e+00 1.000000000000000000e+00 0.000000000000000000e+00
1.929039700357300657e-01 -9.812176406610585433e-01 0.000000000000000000e+00 -1.469836458370360699e+00 9.812176406610585433e-01 1.929039700357300657e-01 0.000000000000000000e+00 -1.770944217921008423e+00 0.000000000000000000e+00 0.000000000000000000e+00 1.000000000000000000e+00 0.000000000000000000e+00
4.245516439519686665e-03 -9.999909877544705950e-01 0.000000000000000000e+00 -1.028498477547278078e+00 9.999909877544705950e-01 4.245516439519686665e-03 0.000000000000000000e+00 -1.668053455409554076e+00 0.000000000000000000e+00 0.000000000000000000e+00 1.000000000000000000e+00 0.000000000000000000e+00
-2.111092601976881089e-01 -9.774624700001451894e-01 0.000000000000000000e+00 -5.431981847745223080e-01 9.774624700001451894e-01 -2.111092601976881089e-01 0.000000000000000000e+00 -1.635166396558052737e+00 0.000000000000000000e+00 0.000000000000000000e+00 1.000000000000000000e+00 0.000000000000000000e+00
-3.690545558892686095e-01 -9.294077333320261980e-01 0.000000000000000000e+00 -2.976842770988719078e-01 9.294077333320261980e-01 -3.690545558892686095e-01 0.000000000000000000e+00 -1.371026454851967280e+00 0.000000000000000000e+00 0.000000000000000000e+00 1.000000000000000000e+00 0.000000000000000000e+00
-4.953409836909882236e-01 -8.686986300645604953e-01 0.000000000000000000e+00 -9.992423245138312704e-03 8.686986300645604953e-01 -4.953409836909882236e-01 0.000000000000000000e+00 -1.138601606972737379e+00 0.000000000000000000e+00 0.000000000000000000e+00 1.000000000000000000e+00 0.000000000000000000e+00
-6.403939630381987325e-01 -7.680465950085516580e-01 0.000000000000000000e+00 2.604082170354919401e-01 7.680465950085516580e-01 -6.403939630381987325e-01 0.000000000000000000e+00 -9.906940294473901565e-01 0.000000000000000000e+00 0.000000000000000000e+00 1.000000000000000000e+00 0.000000000000000000e+00
-7.754382522801511746e-01 -6.314234054109054695e-01 0.000000000000000000e+00 5.214107148006706938e-01 6.314234054109054695e-01 -7.754382522801511746e-01 0.000000000000000000e+00 -6.237562477635140157e-01 0.000000000000000000e+00 0.000000000000000000e+00 1.000000000000000000e+00 0.000000000000000000e+00
-8.387527892866055712e-01 -5.445124043251347024e-01 0.000000000000000000e+00 7.500883166668881330e-01 5.445124043251347024e-01 -8.387527892866055712e-01 0.000000000000000000e+00 -3.600074825989492133e-01 0.000000000000000000e+00 0.000000000000000000e+00 1.000000000000000000e+00 0.000000000000000000e+00
8.985324831794360145e-01 4.389070250877700752e-01 0.000000000000000000e+00 9.590662760816827115e-01 -4.389070250877700752e-01 8.985324831794360145e-01 0.000000000000000000e+00 6.435468592924729891e-02 0.000000000000000000e+00 0.000000000000000000e+00 1.000000000000000000e+00 0.000000000000000000e+00
9.406282897430023882e-01 3.394383898959490997e-01 0.000000000000000000e+00 1.057538764934360387e+00 -3.394383898959490997e-01 9.406282897430023882e-01 0.000000000000000000e+00 4.496617289631195113e-01 0.000000000000000000e+00 0.000000000000000000e+00 1.000000000000000000e+00 0.000000000000000000e+00
9.666822954672821266e-01 2.559791781182724213e-01 0.000000000000000000e+00 1.169586248863769384e+00 -2.559791781182724213e-01 9.666822954672821266e-01 0.000000000000000000e+00 9.031089749895148122e-01 0.000000000000000000e+00 0.000000000000000000e+00 1.000000000000000000e+00 0.000000000000000000e+00
9.903794781974744055e-01 1.383780660556370723e-01 0.000000000000000000e+00 1.251187680834737526e+00 -1.383780660556370723e-01 9.903794781974744055e-01 0.000000000000000000e+00 1.481376716388299375e+00 0.000000000000000000e+00 0.000000000000000000e+00 1.000000000000000000e+00 0.000000000000000000e+00
9.934104874547287078e-01 -1.146106601279227588e-01 0.000000000000000000e+00 1.178831265934222827e+00 1.146106601279227588e-01 9.934104874547287078e-01 0.000000000000000000e+00 1.727799362248324311e+00 0.000000000000000000e+00 0.000000000000000000e+00 1.000000000000000000e+00 0.000000000000000000e+00
9.641551207815187707e-01 -2.653392226392000119e-01 0.000000000000000000e+00 1.050903834846589779e+00 2.653392226392000119e-01 9.641551207815187707e-01 0.000000000000000000e+00 2.085091673335016882e+00 0.000000000000000000e+00 0.000000000000000000e+00 1.000000000000000000e+00 0.000000000000000000e+00
9.047503483788107426e-01 -4.259422579510286355e-01 0.000000000000000000e+00 6.806151065469886463e-01 4.259422579510286355e-01 9.047503483788107426e-01 0.000000000000000000e+00 2.549924125276980202e+00 0.000000000000000000e+00 0.000000000000000000e+00 1.000000000000000000e+00 0.000000000000000000e+00
8.635208486653783710e-01 -5.043131407372057895e-01 0.000000000000000000e+00 4.146101244652151130e-01 5.043131407372057895e-01 8.635208486653783710e-01 0.000000000000000000e+00 3.084165760602696871e+00 0.000000000000000000e+00 0.000000000000000000e+00 1.000000000000000000e+00 0.000000000000000000e+00
7.954683576471194284e-01 -6.059951253782447367e-01 0.000000000000000000e+00 3.270960967574236267e-01 6.059951253782447367e-01 7.954683576471194284e-01 0.000000000000000000e+00 3.327019911702981947e+00 0.000000000000000000e+00 0.000000000000000000e+00 1.000000000000000000e+00 0.000000000000000000e+00
-7.163278276250526488e-01 6.977638879807214201e-01 0.000000000000000000e+00 -1.361031220029434441e-01 -6.977638879807214201e-01 -7.163278276250526488e-01 0.000000000000000000e+00 3.613574753866125810e+00 0.000000000000000000e+00 0.000000000000000000e+00 1.000000000000000000e+00 0.000000000000000000e+00
