9.999960251705182213e-01 2.819511156984006329e-03 0.000000000000000000e+00 -8.000226314090220114e+00 -2.819511156984006329e-03 9.999960251705182213e-01 0.000000000000000000e+00 4.999938254061219389e+00 0.000000000000000000e+00 0.000000000000000000e+00 1.000000000000000000e+00 0.000000000000000000e+00
9.998929860226825062e-01 1.462930287620338790e-02 0.000000000000000000e+00 -8.029220119382289411e+00 -1.462930287620338790e-02 9.998929860226825062e-01 0.000000000000000000e+00 4.597014029321774942e+00 0.000000000000000000e+00 0.000000000000000000e+00 1.000000000000000000e+00 0.000000000000000000e+00
9.999491590290711107e-01 1.008361825207115987e-02 0.000000000000000000e+00 -8.065167766408002592e+00 -1.008361825207115987e-02 9.999491590290711107e-01 0.000000000000000000e+00 4.194075601086787231e+00 0.000000000000000000e+00 0.000000000000000000e+00 1.000000000000000000e+00 0.000000000000000000e+00
9.989229779862420777e-01 -4.639918157788752717e-02 0.000000000000000000e+00 -8.024949681066644303e+00 4.639918157788752717e-02 9.989229779862420777e-01 0.000000000000000000e+00 3.849169740686465779e+00 0.000000000000000000e+00 0.000000000000000000e+00 1.000000000000000000e+00 0.000000000000000000e+00
9.963511270342537696e-01 -8.534888199368638462e-02 0.000000000000000000e+00 -7.960058582656938775e+00 8.534888199368638462e-02 9.963511270342537696e-01 0.000000000000000000e+00 3.504500158139637556e+00 0.000000000000000000e+00 0.000000000000000000e+00 1.000000000000000000e+00 0.000000000000000000e+00
9.893407950559396369e-01 -1.456186500352246727e-01 0.000000000000000000e+00 -7.948903599017811850e+00 1.456186500352246727e-01 9.893407950559396369e-01 0.000000000000000000e+00 3.012323183235621649e+00 0.000000000000000000e+00 0.000000000000000000e+00 1.000000000000000000e+00 0.000000000000000000e+00
9.985237856496257391e-01 -5.431619916691864114e-02 0.000000000000000000e+00 -7.746640945476679363e+00 5.431619916691864114e-02 9.985237856496257391e-01 0.000000000000000000e+00 2.502556377995331260e+00 0.000000000000000000e+00 0.000000000000000000e+00 1.000000000000000000e+00 0.000000000000000000e+00
9.999997796510273762e-01 6.638508091081793362e-04 0.000000000000000000e+00 -7.687432515276237055e+00 -6.638508091081793362e-04 9.999997796510273762e-01 0.000000000000000000e+00 2.020476789780692339e+00 0.000000000000000000e+00 0.000000000000000000e+00 1.000000000000000000e+00 0.000000000000000000e+00
9.966094340719411360e-01 -8.227779724084216539e-02 0.000000000000000000e+00 -7.629276677214281044e+00 8.227779724084216539e-02 9.966094340719411360e-01 0.000000000000000000e+00 1.592407642821907165e+00 0.000000000000000000e+00 0.000000000000000000e+00 1.000000000000000000e+00 0.000000000000000000e+00
9.928283209151382849e-01 -1.195488401818568941e-01 0.000000000000000000e+00 -7.623648745707638064e+00 1.195488401818568941e-01 9.928283209151382849e-01 0.000000000000000000e+00 1.087029878954906215e+00 0.000000000000000000e+00 0.000000000000000000e+00 1.000000000000000000e+00 0.000000000000000000e+00
9.927592288055007153e-01 -1.201212455043135507e-01 0.000000000000000000e+00 -7.467477880767836140e+00 1.201212455043135507e-01 9.927592288055007153e-01 0.000000000000000000e+00 6.436659193917848576e-01 0.000000000000000000e+00 0.000000000000000000e+00 1.000000000000000000e+00 0.000000000000000000e+00
9.979572620601120381e-01 6.388507729888738551e-02 0.000000000000000000e+00 -7.490162928392905428e+00 -6.388507729888738551e-02 9.979572620601120381e-01 0.000000000000000000e+00 2.446617918164159522e-01 0.000000000000000000e+00 0.000000000000000000e+00 1.000000000000000000e+00 0.000000000000000000e+00
9.986313489432905310e-01 5.230132797266154321e-02 0.000000000000000000e+00 -7.430720527964040478e+00 -5.230132797266154321e-02 9.986313489432905310e-01 0.000000000000000000e+00 -1.858121331224102946e-01 0.000000000000000000e+00 0.000000000000000000e+00 1.000000000000000000e+00 0.000000000000000000e+00
9.987519499511934296e-01 4.994539486968472414e-02 0.000000000000000000e+00 -7.622334593684595205e+00 -4.994539486968472414e-02 9.987519499511934296e-01 0.000000000000000000e+00 -7.350874582697384252e-01 0.000000000000000000e+00 0.000000000000000000e+00 1.000000000000000000e+00 0.000000000000000000e+00
9.918810021020394441e-01 -1.271694840323493447e-01 0.000000000000000000e+00 -7.496404833378699450e+00 1.271694840323493447e-01 9.918810021020394441e-01 0.000000000000000000e+00 -1.052111731979043618e+00 0.000000000000000000e+00 0.000000000000000000e+00 1.000000000000000000e+00 0.000000000000000000e+00
9.930825588156949602e-01 -1.174181901413563628e-01 0.000000000000000000e+00 -7.468752369795356394e+00 1.174181901413563628e-01 9.930825588156949602e-01 0.000000000000000000e+00 -1.563843965008720138e+00 0.000000000000000000e+00 0.000000000000000000e+00 1.000000000000000000e+00 0.000000000000000000e+00
9.695096216999555816e-01 -2.450532461144086238e-01 0.000000000000000000e+00 -7.545573498248942634e+00 2.450532461144086238e-01 9.695096216999555816e-01 0.000000000000000000e+00 -1.871709520766865698e+00 0.000000000000000000e+00 0.000000000000000000e+00 1.000000000000000000e+00 0.000000000000000000e+00
9.642164939224484588e-01 -2.651161120111353298e-01 0.000000000000000000e+00 -7.311106983843689733e+00 2.651161120111353298e-01 9.642164939224484588e-01 0.000000000000000000e+00 -2.430680387586900082e+00 0.000000000000000000e+00 0.000000000000000000e+00 1.000000000000000000e+00 0.000000000000000000e+00
9.787984914507965595e-01 -2.048255675779880880e-01 0.000000000000000000e+00 -7.327578319458924128e+00 2.048255675779880880e-01 9.787984914507965595e-01 0.000000000000000000e+00 -2.895832438205538040e+00 0.000000000000000000e+00 0.000000000000000000e+00 1.000000000000000000e+00 0.000000000000000000e+00
9.761084150603612786e-01 -2.172840584312377699e-01 0.000000000000000000e+00 -7.113478243342051144e+00 2.172840584312377699e-01 9.761084150603612786e-01 0.000000000000000000e+00 -3.168640442950540592e+00 0.000000000000000000e+00 0.000000000000000000e+00 1.000000000000000000e+00 0.000000000000000000e+00
9.293256587617017006e-01 -3.692611812350835021e-01 0.000000000000000000e+00 -7.283329307596175362e+00 3.692611812350835021e-01 9.293256587617017006e-01 0.000000000000000000e+00 -3.190096033804028508e+00 0.000000000000000000e+00 0.000000000000000000e+00 1.000000000000000000e+00 0.000000000000000000e+00
8.775968830576300617e-01 -4.793993229527262478e-01 0.000000000000000000e+00 -7.078708646006564464e+00 4.793993229527262478e-01 8.775968830576300617e-01 0.000000000000000000e+00 -3.392630780848915339e+00 0.000000000000000000e+00 0.000000000000000000e+00 1.000000000000000000e+00 0.000000000000000000e+00
7.974786878407399415e-01 -6.033471160449941362e-01 0.000000000000000000e+00 -6.749718713756136523e+00 6.033471160449941362e-01 7.974786878407399415e-01 0.000000000000000000e+00 -3.752515213797003923e+00 0.000000000000000000e+00 0.000000000000000000e+00 1.000000000000000000e+00 0.000000000000000000e+00
6.340064600011598994e-01 -7.733277498427155727e-01 0.000000000000000000e+00 -6.419654540073327809e+00 7.733277498427155727e-01 6.340064600011598994e-01 0.000000000000000000e+00 -3.989593341423032236e+00 0.000000000000000000e+00 0.000000000000000000e+00 1.000000000000000000e+00 0.000000000000000000e+00
4.793785361643722043e-01 -8.776082378059720801e-01 0.000000000000000000e+00 -6.080904970057271264e+00 8.776082378059720801e-01 4.793785361643722043e-01 0.000000000000000000e+00 -4.244944444372767300e+00 0.000000000000000000e+00 0.000000000000000000e+00 1.000000000000000000e+00 0.000000000000000000e+00
3.279416169789419189e-01 -9.446979918753066752e-01 0.000000000000000000e+00 -5.732077524881061592e+00 9.446979918753066752e-01 3.279416169789419189e-01 0.000000000000000000e+00 -4.309169060834091347e+00 0.000000000000000000e+00 0.000000000000000000e+00 1.000000000000000000e+00 0.000000000000000000e+00
1.472666771564171140e-01 -9.890968232682316730e-01 0.000000000000000000e+00 -5.447588892733394417e+00 9.890968232682316730e-01 1.472666771564171140e-01 0.000000000000000000e+00 -4.233168012055340768e+00 0.000000000000000000e+00 0.000000000000000000e+00 1.000000000000000000e+00 0.000000000000000000e+00
2.304392574463807325e-02 -9.997344534856621445e-01 0.000000000000000000e+00 -5.203443867535608724e+00 9.997344534856621445e-01 2.304392574463807325e-02 0.000000000000000000e+00 -4.203246651003482270e+00 0.000000000000000000e+00 0.000000000000000000e+00 1.000000000000000000e+00 0.000000000000000000e+00
-2.231482904159475811e-01 -9.747845097684102456e-01 0.000000000000000000e+00 -4.800559097205233883e+00 9.747845097684102456e-01 -2.231482904159475811e-01 0.000000000000000000e+00 -4.118632300379325706e+00 0.000000000000000000e+00 0.000000000000000000e+00 1.000000000000000000e+00 0.000000000000000000e+00
-4.084422644907910738e-01 -9.127841566206299495e-01 0.000000000000000000e+00 -4.305878970181428400e+00 9.127841566206299495e-01 -4.084422644907910738e-01 0.000000000000000000e+00 -4.008963024242687467e+00 0.000000000000000000e+00 0.000000000000000000e+00 1.000000000000000000e+00 0.000000000000000000e+00
4.810289497915820611e-01 8.767047105282415043e-01 0.000000000000000000e+00 -4.016394974854149424e+00 -8.767047105282415043e-01 4.810289497915820611e-01 0.000000000000000000e+00 -3.839890972266284841e+00 0.000000000000000000e+00 0.000000000000000000e+00 1.000000000000000000e+00 0.000000000000000000e+00
5.777998544012352689e-01 8.161784904381585992e-01 0.000000000000000000e+00 -3.595551444686936549e+00 -8.161784904381585992e-01 5.777998544012352689e-01 0.000000000000000000e+00 -3.505660842803655530e+00 0.000000000000000000e+00 0.000000000000000000e+00 1.000000000000000000e+00 0.000000000000000000e+00
6.344367762516244236e-01 7.729747582809197715e-01 0.000000000000000000e+00 -3.283160196908961659e+00 -7.729747582809197715e-01 6.344367762516244236e-01 0.000000000000000000e+00 -3.236685037347908800e+00 0.000000000000000000e+00 0.000000000000000000e+00 1.000000000000000000e+00 0.000000000000000000e+00
7.943575349375016081e-01 6.074504973148148190e-01 0.000000000000000000e+00 -3.033991351283249926e+00 -6.074504973148148190e-01 7.943575349375016081e-01 0.000000000000000000e+00 -3.129233167082995148e+00 0.000000000000000000e+00 0.000000000000000000e+00 1.000000000000000000e+00 0.000000000000000000e+00
8.978204262665416824e-01 4.403617628479626900e-01 0.000000000000000000e+00 -2.943343916783843550e+00 -4.403617628479626900e-01 8.978204262665416824e-01 0.000000000000000000e+00 -2.644365613693963724e+00 0.000000000000000000e+00 0.000000000000000000e+00 1.000000000000000000e+00 0.000000000000000000e+00
9.596177938037163679e-01 2.813071094289799068e-01 0.000000000000000000e+00 -2.809877304273464826e+00 -2.813071094289799068e-01 9.596177938037163679e-01 0.000000000000000000e+00 -2.168572032292300111e+00 0.000000000000000000e+00 0.000000000000000000e+00 1.000000000000000000e+00 0.000000000000000000e+00
9.921543273932171836e-01 1.250191610710642831e-01 0.000000000000000000e+00 -2.867685887804334310e+00 -1.250191610710642831e-01 9.921543273932171836e-01 0.000000000000000000e+00 -1.764734169537475639e+00 0.000000000000000000e+00 0.000000000000000000e+00 1.000000000000000000e+00 0.000000000000000000e+00
9.989077456095134533e-01 -4.672596453065109429e-02 0.000000000000000000e+00 -2.713663908300725236e+00 4.672596453065109429e-02 9.989077456095134533e-01 0.000000000000000000e+00 -1.317743272081731476e+00 0.000000000000000000e+00 0.000000000000000000e+00 1.000000000000000000e+00 0.000000000000000000e+00
9.981178776579667788e-01 -6.132456522109195479e-02 0.000000000000000000e+00 -2.616837632452052809e+00 6.132456522109195479e-02 9.981178776579667788e-01 0.000000000000000000e+00 -8.878092483985462469e-01 0.000000000000000000e+00 0.000000000000000000e+00 1.000000000000000000e+00 0.000000000000000000e+00
9.964442827214520237e-01 -8.425432589327998267e-02 0.000000000000000000e+00 -2.615914602189643112e+00 8.425432589327998267e-02 9.964442827214520237e-01 0.000000000000000000e+00 -3.076085271672237553e-01 0.000000000000000000e+00 0.000000000000000000e+00 1.000000000000000000e+00 0.000000000000000000e+00
-9.975384945326700725e-01 7.012098063699692685e-02 0.000000000000000000e+00 -2.633081011082460066e+00 -7.012098063699692685e-02 -9.975384945326700725e-01 0.000000000000000000e+00 -4.648190416862361118e-01 0.000000000000000000e+00 0.000000000000000000e+00 1.000000000000000000e+00 0.000000000000000000e+00
9.728212107376932316e-01 -2.315575348349706852e-01 0.000000000000000000e+00 -2.826359431809527312e+00 2.315575348349706852e-01 9.728212107376932316e-01 0.000000000000000000e+00 2.614737528487816598e-01 0.000000000000000000e+00 0.000000000000000000e+00 1.000000000000000000e+00 0.000000000000000000e+00
9.153992389281671027e-01 -4.025471815448873336e-01 0.000000000000000000e+00 -3.000315146474555661e+00 4.025471815448873336e-01 9.153992389281671027e-01 0.000000000000000000e+00 6.842217572337674358e-01 0.000000000000000000e+00 0.000000000000000000e+00 1.000000000000000000e+00 0.000000000000000000e+00
8.720535958591307812e-01 -4.894103860250206273e-01 0.000000000000000000e+00 -3.133949711503025704e+00 4.894103860250206273e-01 8.720535958591307812e-01 0.000000000000000000e+00 1.245041299103745169e+00 0.000000000000000000e+00 0.000000000000000000e+00 1.000000000000000000e+00 0.000000000000000000e+00
8.170335632565578488e-01 -5.765901113549315449e-01 0.000000000000000000e+00 -3.327864848856569413e+00 5.765901113549315449e-01 8.170335632565578488e-01 0.000000000000000000e+00 1.770775058465900775e+00 0.000000000000000000e+00 0.000000000000000000e+00 1.000000000000000000e+00 0.000000000000000000e+00
7.869949039422027282e-01 -6.169594971868113120e-01 0.000000000000000000e+00 -3.680671206580256705e+00 6.169594971868113120e-01 7.869949039422027282e-01 0.000000000000000000e+00 2.129767764014805387e+00 0.000000000000000000e+00 0.000000000000000000e+00 1.000000000000000000e+00 0.000000000000000000e+00
7.744945383101412562e-01 -6.325805957565890925e-01 0.000000000000000000e+00 -3.957408303087813550e+00 6.325805957565890925e-01 7.744945383101412562e-01 0.000000000000000000e+00 2.420123617937946392e+00 0.000000000000000000e+00 0.000000000000000000e+00 1.000000000000000000e+00 0.000000000000000000e+00
6.935958994366309138e-01 -7.203643024780524984e-01 0.000000000000000000e+00 -4.152237703402628988e+00 7.203643024780524984e-01 6.935958994366309138e-01 0.000000000000000000e+00 3.005001500608071474e+00 0.000000000000000000e+00 0.000000000000000000e+00 1.000000000000000000e+00 0.000000000000000000e+00
6.068282510624734005e-01 -7.948329847914338275e-01 0.000000000000000000e+00 -4.532478809517528795e+00 7.948329847914338275e-01 6.068282510624734005e-01 0.000000000000000000e+00 3.312561521945024179e+00 0.000000000000000000e+00 0.000000000000000000e+00 1.000000000000000000e+00 0.000000000000000000e+00
5.918828195105111378e-01 -8.060240244361750461e-01 0.000000000000000000e+00 -4.977800547763188810e+00 8.060240244361750461e-01 5.918828195105111378e-01 0.000000000000000000e+00 3.704733907881633481e+00 0.000000000000000000e+00 0.000000000000000000e+00 1.000000000000000000e+00 0.000000000000000000e+00
5.277142936704379839e-01 -8.494219353512780790e-01 0.000000000000000000e+00 -5.286963501934346610e+00 8.494219353512780790e-01 5.277142936704379839e-01 0.000000000000000000e+00 4.051755515596405566e+00 0.000000000000000000e+00 0.000000000000000000e+00 1.000000000000000000e+00 0.000000000000000000e+00
5.580585734964547129e-01 -8.298015597400995036e-01 0.000000000000000000e+00 -5.731709825969450556e+00 8.298015597400995036e-01 5.580585734964547129e-01 0.000000000000000000e+00 4.245382855685276624e+00 0.000000000000000000e+00 0.000000000000000000e+00 1.000000000000000000e+00 0.000000000000000000e+00
3.859244758817162446e-01 -9.225303783157617898e-01 0.000000000000000000e+00 -6.095684037664398147e+00 9.225303783157617898e-01 3.859244758817162446e-01 0.000000000000000000e+00 4.557967437210066031e+00 0.000000000000000000e+00 0.000000000000000000e+00 1.000000000000000000e+00 0.000000000000000000e+00
3.366816699612585340e-01 -9.416185284456217719e-01 0.000000000000000000e+00 -6.294424700720689714e+00 9.416185284456217719e-01 3.366816699612585340e-01 0.000000000000000000e+00 4.789269665978680202e+00 0.000000000000000000e+00 0.000000000000000000e+00 1.000000000000000000e+00 0.000000000000000000e+00
2.308070122679142244e-01 -9.729995493770584591e-01 0.000000000000000000e+00 -6.699638673942645894e+00 9.729995493770584591e-01 2.308070122679142244e-01 0.000000000000000000e+00 4.838272458298698453e+00 0.000000000000000000e+00 0.000000000000000000e+00 1.000000000000000000e+00 0.000000000000000000e+00
1.256847069164077346e-01 -9.920702366502770486e-01 0.000000000000000000e+00 -7.148318017838708016e+00 9.920702366502770486e-01 1.256847069164077346e-01 0.000000000000000000e+00 5.165715605129857835e+00 0.000000000000000000e+00 0.000000000000000000e+00 1.000000000000000000e+00 0.000000000000000000e+00
-1.127497789726719483e-02 -9.999364354164799185e-01 0.000000000000000000e+00 -7.723536464955087943e+00 9.999364354164799185e-01 -1.127497789726719483e-02 0.000000000000000000e+00 5.271576629457353391e+00 0.000000000000000000e+00 0.000000000000000000e+00 1.000000000000000000e+00 0.000000000000000000e+00
-1.162927151198995951e-01 -9.932149839838512184e-01 0.000000000000000000e+00 -8.104612117252031567e+00 9.932149839838512184e-01 -1.162927151198995951e-01 0.000000000000000000e+00 5.200380972184251327e+00 0.000000000000000000e+00 0.000000000000000000e+00 1.000000000000000000e+00 0.000000000000000000e+00
-5.248652633538238854e-01 -8.511853237248167003e-01 0.000000000000000000e+00 -8.634755676585040618e+00 8.511853237248167003e-01 -5.248652633538238854e-01 0.000000000000000000e+00 5.128874961783945530e+00 0.000000000000000000e+00 0.000000000000000000e+00 1.000000000000000000e+00 0.000000000000000000e+00
-6.351831856166985091e-01 -7.723615220282680216e-01 0.000000000000000000e+00 -8.979772943651033401e+00 7.723615220282680216e-01 -6.351831856166985091e-01 0.000000000000000000e+00 4.964437086117881037e+00 0.000000000000000000e+00 0.000000000000000000e+00 1.000000000000000000e+00 0.000000000000000000e+00
7.057275090504684378e-01 -7.084833681671158789e-01 0.000000000000000000e+00 -8.842858768508191858e+00 7.084833681671158789e-01 7.057275090504684378e-01 0.000000000000000000e+00 4.981986191470913816e+00 0.000000000000000000e+00 0.000000000000000000e+00 1.000000000000000000e+00 0.000000000000000000e+00
-9.348096205820302096e-01 -3.551492267586693341e-01 0.000000000000000000e+00 -9.007301437071935979e+00 3.551492267586693341e-01 -9.348096205820302096e-01 0.000000000000000000e+00 4.634060322168364721e+00 0.000000000000000000e+00 0.000000000000000000e+00 1.000000000000000000e+00 0.000000000000000000e+00
-9.999985873533396852e-01 1.680860293159049720e-03 0.000000000000000000e+00 -9.155719372072546491e+00 -1.680860293159049720e-03 -9.999985873533396852e-01 0.000000000000000000e+00 4.313667563211835976e+00 0.000000000000000000e+00 0.000000000000000000e+00 1.000000000000000000e+00 0.000000000000000000e+00
-9.390709106393730909e-01 3.437234713995228619e-01 0.000000000000000000e+00 -9.147829597457699080e+00 -3.437234713995228619e-01 -9.390709106393730909e-01 0.000000000000000000e+00 3.826639398634922529e+00 0.000000000000000000e+00 0.000000000000000000e+00 1.000000000000000000e+00 0.000000000000000000e+00
-7.159245804739861052e-01 6.981776242999677695e-01 0.000000000000000000e+00 -8.863468860075927935e+00 -6.981776242999677695e-01 -7.159245804739861052e-01 0.000000000000000000e+00 3.444010293431156722e+00 0.000000000000000000e+00 0.000000000000000000e+00 1.000000000000000000e+00 0.000000000000000000e+00
-4.453576629218298777e-01 8.953527528727466267e-01 0.000000000000000000e+00 -8.386859709970487131e+00 -8.953527528727466267e-01 -4.453576629218298777e-01 0.000000000000000000e+00 3.301301262133115255e+00 0.000000000000000000e+00 0.000000000000000000e+00 1.000000000000000000e+00 0.000000000000000000e+00
-2.506865482977095327e-01 9.680683108658088010e-01 0.000000000000000000e+00 -7.797266338123644225e+00 -9.680683108658088010e-01 -2.506865482977095327e-01 0.000000000000000000e+00 3.061887095733136999e+00 0.000000000000000000e+00 0.000000000000000000e+00 1.000000000000000000e+00 0.000000000000000000e+00
1.782879214748530824e-02 9.998410544534375166e-01 0.000000000000000000e+00 -7.255867619628732612e+00 -9.998410544534375166e-01 1.782879214748530824e-02 0.000000000000000000e+00 3.032781005274842290e+00 0.000000000000000000e+00 0.000000000000000000e+00 1.000000000000000000e+00 0.000000000000000000e+00
3.689839729918820144e-01 9.294357576912597452e-01 0.000000000000000000e+00 -6.982395691626221534e+00 -9.294357576912597452e-01 3.689839729918820144e-01 0.000000000000000000e+00 3.279473821195761030e+00 0.000000000000000000e+00 0.000000000000000000e+00 1.000000000000000000e+00 0.000000000000000000e+00
6.798758476850066401e-01 7.333272337330679624e-01 0.000000000000000000e+00 -6.646052407407089468e+00 -7.333272337330679624e-01 6.798758476850066401e-01 0.000000000000000000e+00 3.653757083376482306e+00 0.000000000000000000e+00 0.000000000000000000e+00 1.000000000000000000e+00 0.000000000000000000e+00
-9.071863146113060550e-01 -4.207291178204289328e-01 0.000000000000000000e+00 -6.310007105146360651e+00 4.207291178204289328e-01 -9.071863146113060550e-01 0.000000000000000000e+00 3.990687419284501214e+00 0.000000000000000000e+00 0.000000000000000000e+00 1.000000000000000000e+00 0.000000000000000000e+00
-9.848156710308786366e-01 -1.736032663632809114e-01 0.000000000000000000e+00 -6.217298130686825353e+00 1.736032663632809114e-01 -9.848156710308786366e-01 0.000000000000000000e+00 4.700203441860967501e+00 0.000000000000000000e+00 0.000000000000000000e+00 1.000000000000000000e+00 0.000000000000000000e+00
-9.808679588909652303e-01 1.946742078989194547e-01 0.000000000000000000e+00 -6.317245718077177052e+00 -1.946742078989194547e-01 -9.808679588909652303e-01 0.000000000000000000e+00 5.167945931660044678e+00 0.000000000000000000e+00 0.000000000000000000e+00 1.000000000000000000e+00 0.000000000000000000e+00
-8.719486382216870002e-01 4.895973573288009417e-01 0.000000000000000000e+00 -6.313480462968317219e+00 -4.895973573288009417e-01 -8.719486382216870002e-01 0.000000000000000000e+00 5.705745929706664832e+00 0.000000000000000000e+00 0.000000000000000000e+00 1.000000000000000000e+00 0.000000000000000000e+00
-6.778455973238793897e-01 7.352042887447224340e-01 0.000000000000000000e+00 -6.562068718564004755e+00 -7.352042887447224340e-01 -6.778455973238793897e-01 0.000000000000000000e+00 6.004741406500039957e+00 0.000000000000000000e+00 0.000000000000000000e+00 1.000000000000000000e+00 0.000000000000000000e+00
-3.159470852334844149e-01 9.487768121810657984e-01 0.000000000000000000e+00 -7.000729726214875548e+00 -9.487768121810657984e-01 -3.159470852334844149e-01 0.000000000000000000e+00 6.320519645121109420e+00 0.000000000000000000e+00 0.000000000000000000e+00 1.000000000000000000e+00 0.000000000000000000e+00
2.836097012364886989e-03 9.999959782687810605e-01 0.000000000000000000e+00 -7.342806739829105922e+00 -9.999959782687810605e-01 2.836097012364886989e-03 0.000000000000000000e+00 6.503808414562302964e+00 0.000000000000000000e+00 0.000000000000000000e+00 1.000000000000000000e+00 0.000000000000000000e+00
5.740466594714093151e-01 8.188225893010743217e-01 0.000000000000000000e+00 -7.757091150446108863e+00 -8.188225893010743217e-01 5.740466594714093151e-01 0.000000000000000000e+00 6.435621417487772611e+00 0.000000000000000000e+00 0.000000000000000000e+00 1.000000000000000000e+00 0.000000000000000000e+00
8.273374430711766259e-01 5.617052209944710661e-01 0.000000000000000000e+00 -8.109152752190894375e+00 -5.617052209944710661e-01 8.273374430711766259e-01 0.000000000000000000e+00 6.256984645684489976e+00 0.000000000000000000e+00 0.000000000000000000e+00 1.000000000000000000e+00 0.000000000000000000e+00
9.408519299703268501e-01 3.388180129082737357e-01 0.000000000000000000e+00 -8.217435872394293739e+00 -3.388180129082737357e-01 9.408519299703268501e-01 0.000000000000000000e+00 5.919110799166563908e+00 0.000000000000000000e+00 0.000000000000000000e+00 1.000000000000000000e+00 0.000000000000000000e+00
9.999787076731064817e-01 6.525657087518620635e-03 0.000000000000000000e+00 -8.197540436934222186e+00 -6.525657087518620635e-03 9.999787076731064817e-01 0.000000000000000000e+00 5.949391767723012592e+00 0.000000000000000000e+00 0.000000000000000000e+00 1.000000000000000000e+00 0.000000000000000000e+00
9.955973352146825217e-01 9.373337779800228198e-02 0.000000000000000000e+00 -8.191667752934671753e+00 -9.373337779800228198e-02 9.955973352146825217e-01 0.000000000000000000e+00 5.449202255740750900e+00 0.000000000000000000e+00 0.000000000000000000e+00 1.000000000000000000e+00 0.000000000000000000e+00
9.999422241375163223e-01 1.074934355749339841e-02 0.000000000000000000e+00 -8.259052226908419669e+00 -1.074934355749339841e-02 9.999422241375163223e-01 0.000000000000000000e+00 4.945223621130126368e+00 0.000000000000000000e+00 0.000000000000000000e+00 1.000000000000000000e+00 0.000000000000000000e+00
9.978427695523064411e-01 -6.564912224990272771e-02 0.000000000000000000e+00 -8.226628785778425268e+00 6.564912224990272771e-02 9.978427695523064411e-01 0.000000000000000000e+00 4.442948458100718589e+00 0.000000000000000000e+00 0.000000000000000000e+00 1.000000000000000000e+00 0.000000000000000000e+00
9.962562757698958382e-01 -8.644901959592822538e-02 0.000000000000000000e+00 -8.204014979756152570e+00 8.644901959592822538e-02 9.962562757698958382e-01 0.000000000000000000e+00 4.035777492685717505e+00 0.000000000000000000e+00 0.000000000000000000e+00 1.000000000000000000e+00 0.000000000000000000e+00
9.859319256740236570e-01 -1.671473539626382454e-01 0.000000000000000000e+00 -8.112768712931631043e+00 1.671473539626382454e-01 9.859319256740236570e-01 0.000000000000000000e+00 3.454919591969679793e+00 0.000000000000000000e+00 0.000000000000000000e+00 1.000000000000000000e+00 0.000000000000000000e+00
9.984279037952046298e-01 -5.605105639605419826e-02 0.000000000000000000e+00 -7.968644361896057404e+00 5.605105639605419826e-02 9.984279037952046298e-01 0.000000000000000000e+00 2.843574909381707982e+00 0.000000000000000000e+00 0.000000000000000000e+00 1.000000000000000000e+00 0.000000000000000000e+00
9.992218703151464210e-01 -3.944177840692286025e-02 0.000000000000000000e+00 -7.863701264509556310e+00 3.944177840692286025e-02 9.992218703151464210e-01 0.000000000000000000e+00 2.156889513343759557e+00 0.000000000000000000e+00 0.000000000000000000e+00 1.000000000000000000e+00 0.000000000000000000e+00
9.967321685676949761e-01 -8.077737395050750557e-02 0.000000000000000000e+00 -7.840073594124107537e+00 8.077737395050750557e-02 9.967321685676949761e-01 0.000000000000000000e+00 1.727060757596321050e+00 0.000000000000000000e+00 0.000000000000000000e+00 1.000000000000000000e+00 0.000000000000000000e+00
9.764131236150117576e-01 -2.159106575238373127e-01 0.000000000000000000e+00 -7.775539035384216646e+00 2.159106575238373127e-01 9.764131236150117576e-01 0.000000000000000000e+00 1.175925306546611315e+00 0.000000000000000000e+00 0.000000000000000000e+00 1.000000000000000000e+00 0.000000000000000000e+00
9.928236607111702305e-01 -1.195875358558371321e-01 0.000000000000000000e+00 -7.662459265740619863e+00 1.195875358558371321e-01 9.928236607111702305e-01 0.000000000000000000e+00 5.681682332611255326e-01 0.000000000000000000e+00 0.000000000000000000e+00 1.000000000000000000e+00 0.000000000000000000e+00
9.997144670249052956e-01 2.389528031033391273e-02 0.000000000000000000e+00 -7.562975245947451519e+00 -2.389528031033391273e-02 9.997144670249052956e-01 0.000000000000000000e+00 1.292561355148203750e-01 0.000000000000000000e+00 0.000000000000000000e+00 1.000000000000000000e+00 0.000000000000000000e+00
9.987259019567209517e-01 5.046357855656136843e-02 0.000000000000000000e+00 -7.644988061591790007e+00 -5.046357855656136843e-02 9.987259019567209517e-01 0.000000000000000000e+00 -4.273310627956032892e-01 0.000000000000000000e+00 0.000000000000000000e+00 1.000000000000000000e+00 0.000000000000000000e+00
9.981842964055275269e-01 -6.023379789953373781e-02 0.000000000000000000e+00 -7.641418051435255876e+00 6.023379789953373781e-02 9.981842964055275269e-01 0.000000000000000000e+00 -8.733484763471519585e-01 0.000000000000000000e+00 0.000000000000000000e+00 1.000000000000000000e+00 0.000000000000000000e+00
9.920417242489425469e-01 -1.259095601977265888e-01 0.000000000000000000e+00 -7.637709421893369210e+00 1.259095601977265888e-01 9.920417242489425469e-01 0.000000000000000000e+00 -1.524072572114277602e+00 0.000000000000000000e+00 0.000000000000000000e+00 1.000000000000000000e+00 0.000000000000000000e+00
9.500443373843020511e-01 -3.121149740144205653e-01 0.000000000000000000e+00 -7.773365489578782039e+00 3.121149740144205653e-01 9.500443373843020511e-01 0.000000000000000000e+00 -2.060942710970450342e+00 0.000000000000000000e+00 0.000000000000000000e+00 1.000000000000000000e+00 0.000000000000000000e+00
9.691389947499774449e-01 -2.465149262316647105e-01 0.000000000000000000e+00 -7.581993194942353576e+00 2.465149262316647105e-01 9.691389947499774449e-01 0.000000000000000000e+00 -2.557427076022495527e+00 0.000000000000000000e+00 0.000000000000000000e+00 1.000000000000000000e+00 0.000000000000000000e+00
9.968102264288927206e-01 -7.980834847796126896e-02 0.000000000000000000e+00 -7.422449812938472391e+00 7.980834847796126896e-02 9.968102264288927206e-01 0.000000000000000000e+00 -3.080766216468044494e+00 0.000000000000000000e+00 0.000000000000000000e+00 1.000000000000000000e+00 0.000000000000000000e+00
9.786999398015669982e-01 -2.052959518169053810e-01 0.000000000000000000e+00 -7.350092056424720965e+00 2.052959518169053810e-01 9.786999398015669982e-01 0.000000000000000000e+00 -3.776952888278600096e+00 0.000000000000000000e+00 0.000000000000000000e+00 1.000000000000000000e+00 0.000000000000000000e+00
9.664316708524335331e-01 -2.569237738578772356e-01 0.000000000000000000e+00 -7.066405193117616612e+00 2.569237738578772356e-01 9.664316708524335331e-01 0.000000000000000000e+00 -4.145717387182140889e+00 0.000000000000000000e+00 0.000000000000000000e+00 1.000000000000000000e+00 0.000000000000000000e+00
9.295757848840071613e-01 -3.686310623879681114e-01 0.000000000000000000e+00 -7.120290863106596646e+00 3.686310623879681114e-01 9.295757848840071613e-01 0.000000000000000000e+00 -4.157780769704800150e+00 0.000000000000000000e+00 0.000000000000000000e+00 1.000000000000000000e+00 0.000000000000000000e+00
8.900096720867531896e-01 -4.559416449415758521e-01 0.000000000000000000e+00 -6.876473128925244538e+00 4.559416449415758521e-01 8.900096720867531896e-01 0.000000000000000000e+00 -4.568353127632613919e+00 0.000000000000000000e+00 0.000000000000000000e+00 1.000000000000000000e+00 0.000000000000000000e+00
7.979019550214020429e-01 -6.027872511699500224e-01 0.000000000000000000e+00 -6.525876555787728961e+00 6.027872511699500224e-01 7.979019550214020429e-01 0.000000000000000000e+00 -4.770931509933644676e+00 0.000000000000000000e+00 0.000000000000000000e+00 1.000000000000000000e+00 0.000000000000000000e+00
6.601142669467673363e-01 -7.511651979247521149e-01 0.000000000000000000e+00 -6.113299925936603429e+00 7.511651979247521149e-01 6.601142669467673363e-01 0.000000000000000000e+00 -4.984966595808352885e+00 0.000000000000000000e+00 0.000000000000000000e+00 1.000000000000000000e+00 0.000000000000000000e+00
4.791451954545689063e-01 -8.777356559197097008e-01 0.000000000000000000e+00 -5.711225250982097101e+00 8.777356559197097008e-01 4.791451954545689063e-01 0.000000000000000000e+00 -5.276032099773220629e+00 0.000000000000000000e+00 0.000000000000000000e+00 1.000000000000000000e+00 0.000000000000000000e+00
3.115932132239273011e-01 -9.502155910490988067e-01 0.000000000000000000e+00 -5.356071885865180349e+00 9.502155910490988067e-01 3.115932132239273011e-01 0.000000000000000000e+00 -5.249206230666978001e+00 0.000000000000000000e+00 0.000000000000000000e+00 1.000000000000000000e+00 0.000000000000000000e+00
1.492566922780409200e-01 -9.887984829125792130e-01 0.000000000000000000e+00 -4.989737323386087553e+00 9.887984829125792130e-01 1.492566922780409200e-01 0.000000000000000000e+00 -5.266958072451534356e+00 0.000000000000000000e+00 0.000000000000000000e+00 1.000000000000000000e+00 0.000000000000000000e+00
-3.666698441772712341e-02 -9.993275400256464991e-01 0.000000000000000000e+00 -4.676395010304791988e+00 9.993275400256464991e-01 -3.666698441772712341e-02 0.000000000000000000e+00 -5.288945401471327301e+00 0.000000000000000000e+00 0.000000000000000000e+00 1.000000000000000000e+00 0.000000000000000000e+00
-2.245850531130576810e-01 -9.744544904294941690e-01 0.000000000000000000e+00 -4.234265710339784050e+00 9.744544904294941690e-01 -2.245850531130576810e-01 0.000000000000000000e+00 -5.127563716723456899e+00 0.000000000000000000e+00 0.000000000000000000e+00 1.000000000000000000e+00 0.000000000000000000e+00
-3.480882850122190564e-01 -9.374617569998533462e-01 0.000000000000000000e+00 -3.880310618122229549e+00 9.374617569998533462e-01 -3.480882850122190564e-01 0.000000000000000000e+00 -5.062425334452563597e+00 0.000000000000000000e+00 0.000000000000000000e+00 1.000000000000000000e+00 0.000000000000000000e+00
4.807097187673777250e-01 8.768797900981574189e-01 0.000000000000000000e+00 -3.446991815554115490e+00 -8.768797900981574189e-01 4.807097187673777250e-01 0.000000000000000000e+00 -4.848575718294974912e+00 0.000000000000000000e+00 0.000000000000000000e+00 1.000000000000000000e+00 0.000000000000000000e+00
5.674668084528919909e-01 8.233962723405352513e-01 0.000000000000000000e+00 -3.153228547798954562e+00 -8.233962723405352513e-01 5.674668084528919909e-01 0.000000000000000000e+00 -4.586159430570171835e+00 0.000000000000000000e+00 0.000000000000000000e+00 1.000000000000000000e+00 0.000000000000000000e+00
6.350110164922516676e-01 7.725030802097020421e-01 0.000000000000000000e+00 -2.807414742882330838e+00 -7.725030802097020421e-01 6.350110164922516676e-01 0.000000000000000000e+00 -4.278224043747806959e+00 0.000000000000000000e+00 0.000000000000000000e+00 1.000000000000000000e+00 0.000000000000000000e+00
7.433492513565143067e-01 6.689034986511206426e-01 0.000000000000000000e+00 -2.406626930781304630e+00 -6.689034986511206426e-01 7.433492513565143067e-01 0.000000000000000000e+00 -3.839210312807189496e+00 0.000000000000000000e+00 0.000000000000000000e+00 1.000000000000000000e+00 0.000000000000000000e+00
8.965347640425350706e-01 4.429733816644020883e-01 0.000000000000000000e+00 -2.335309858226402469e+00 -4.429733816644020883e-01 8.965347640425350706e-01 0.000000000000000000e+00 -3.579582268230306674e+00 0.000000000000000000e+00 0.000000000000000000e+00 1.000000000000000000e+00 0.000000000000000000e+00
9.512166053387779430e-01 3.085238560107978478e-01 0.000000000000000000e+00 -2.222860686323198554e+00 -3.085238560107978478e-01 9.512166053387779430e-01 0.000000000000000000e+00 -3.218417120670628240e+00 0.000000000000000000e+00 0.000000000000000000e+00 1.000000000000000000e+00 0.000000000000000000e+00
9.919538014470101750e-01 1.266003783360282187e-01 0.000000000000000000e+00 -2.250674884957015731e+00 -1.266003783360282187e-01 9.919538014470101750e-01 0.000000000000000000e+00 -2.632369667489623311e+00 0.000000000000000000e+00 0.000000000000000000e+00 1.000000000000000000e+00 0.000000000000000000e+00
9.988305079663007957e-01 4.834890232240537239e-02 0.000000000000000000e+00 -2.187072872151486713e+00 -4.834890232240537239e-02 9.988305079663007957e-01 0.000000000000000000e+00 -2.028970370392036315e+00 0.000000000000000000e+00 0.000000000000000000e+00 1.000000000000000000e+00 0.000000000000000000e+00
9.981181590160632666e-01 -6.131998566849641147e-02 0.000000000000000000e+00 -2.127308748995389465e+00 6.131998566849641147e-02 9.981181590160632666e-01 0.000000000000000000e+00 -1.769728209051062873e+00 0.000000000000000000e+00 0.000000000000000000e+00 1.000000000000000000e+00 0.000000000000000000e+00
-9.833717147784712953e-01 1.816041590207915501e-01 0.000000000000000000e+00 -2.354166482128107418e+00 -1.816041590207915501e-01 -9.833717147784712953e-01 0.000000000000000000e+00 -1.270667899275486512e+00 0.000000000000000000e+00 0.000000000000000000e+00 1.000000000000000000e+00 0.000000000000000000e+00
